WallIDX	Charge	al	d	n	w
0	0	45	45	45	45
0	1	45	45	45	45
0	2	45	0	45	45
0	3	45	0	45	45
1	0	45	45	45	45
1	1	45	45	45	45
1	2	45	0	45	45
1	3	45	0	45	45
2	0	45	45	45	45
2	1	45	45	45	45
2	2	45	0	45	45
2	3	45	0	45	45
3	0	45	45	45	45
3	1	45	45	45	45
3	2	45	0	45	45
3	3	45	0	45	45
4	0	45	45	45	45
4	1	45	45	45	45
4	2	45	0	45	45
4	3	45	0	45	45
5	0	45	45	45	45
5	1	45	45	45	45
5	2	45	0	45	45
5	3	45	0	45	45
6	0	45	45	45	45
6	1	45	45	45	45
6	2	45	0	45	45
6	3	45	0	45	45
7	0	45	45	45	45
7	1	45	45	45	45
7	2	45	0	45	45
7	3	45	0	45	45
8	0	45	45	45	45
8	1	45	45	45	45
8	2	45	0	45	45
8	3	45	0	45	45
9	0	45	45	45	45
9	1	45	45	45	45
9	2	45	0	45	45
9	3	45	0	45	45
10	0	45	45	45	45
10	1	45	45	45	45
10	2	45	0	45	45
10	3	45	0	45	45
11	0	45	45	45	45
11	1	45	45	45	45
11	2	45	0	45	45
11	3	45	0	45	45
12	0	45	45	45	45
12	1	45	45	45	45
12	2	45	0	45	45
12	3	45	0	45	45
13	0	45	45	45	45
13	1	45	45	45	45
13	2	45	0	45	45
13	3	45	0	45	45
14	0	45	45	45	45
14	1	45	45	45	45
14	2	45	0	45	45
14	3	45	0	45	45
15	0	45	45	45	45
15	1	45	45	45	45
15	2	45	0	45	45
15	3	45	0	45	45
16	0	45	45	45	45
16	1	45	45	45	45
16	2	45	0	45	45
16	3	45	0	45	45
17	0	45	45	45	45
17	1	45	45	45	45
17	2	45	0	45	45
17	3	45	0	45	45
18	0	45	45	45	45
18	1	45	45	45	45
18	2	45	0	45	45
18	3	45	0	45	45
19	0	45	45	45	45
19	1	45	45	45	45
19	2	45	0	45	45
19	3	45	0	45	45
20	0	45	45	45	45
20	1	45	45	45	45
20	2	45	0	45	45
20	3	45	0	45	45
21	0	45	45	45	45
21	1	45	45	45	45
21	2	45	0	45	45
21	3	45	0	45	45
22	0	45	45	45	45
22	1	45	45	45	45
22	2	45	0	45	45
22	3	45	0	45	45
23	0	45	45	45	45
23	1	45	45	45	45
23	2	45	0	45	45
23	3	45	0	45	45
24	0	45	45	45	45
24	1	45	45	45	45
24	2	45	0	45	45
24	3	45	0	45	45
25	0	45	45	45	45
25	1	45	45	45	45
25	2	45	0	45	45
25	3	45	0	45	45
26	0	45	45	45	45
26	1	45	45	45	45
26	2	45	0	45	45
26	3	45	0	45	45
27	0	45	45	45	45
27	1	45	45	45	45
27	2	45	0	45	45
27	3	45	0	45	45
28	0	45	45	45	45
28	1	45	45	45	45
28	2	45	0	45	45
28	3	45	0	45	45
29	0	45	45	45	45
29	1	45	45	45	45
29	2	45	0	45	45
29	3	45	0	45	45
30	0	45	45	45	45
30	1	45	45	45	45
30	2	45	0	45	45
30	3	45	0	45	45
31	0	45	45	45	45
31	1	45	45	45	45
31	2	45	0	45	45
31	3	45	0	45	45
32	0	45	45	45	45
32	1	45	45	45	45
32	2	45	0	45	45
32	3	45	0	45	45
33	0	45	45	45	45
33	1	45	45	45	45
33	2	45	0	45	45
33	3	45	0	45	45
34	0	45	45	45	45
34	1	45	45	45	45
34	2	45	0	45	45
34	3	45	0	45	45
35	0	45	45	45	45
35	1	45	45	45	45
35	2	45	0	45	45
35	3	45	0	45	45
36	0	45	45	45	45
36	1	45	45	45	45
36	2	45	0	45	45
36	3	45	0	45	45
37	0	45	45	45	45
37	1	45	45	45	45
37	2	45	0	45	45
37	3	45	0	45	45
38	0	45	45	45	45
38	1	45	45	45	45
38	2	45	0	45	45
38	3	45	0	45	45
39	0	45	45	45	45
39	1	45	45	45	45
39	2	45	0	45	45
39	3	45	0	45	45
40	0	45	45	45	45
40	1	45	45	45	45
40	2	45	0	45	45
40	3	45	0	45	45
41	0	45	45	45	45
41	1	45	45	45	45
41	2	45	0	45	45
41	3	45	0	45	45
42	0	45	45	45	45
42	1	45	45	45	45
42	2	45	0	45	45
42	3	45	0	45	45
43	0	45	45	45	45
43	1	45	45	45	45
43	2	45	0	45	45
43	3	45	0	45	45
44	0	45	45	45	45
44	1	45	45	45	45
44	2	45	0	45	45
44	3	45	0	45	45
45	0	45	45	45	45
45	1	45	45	45	45
45	2	45	0	45	45
45	3	45	0	45	45
46	0	45	45	45	45
46	1	45	45	45	45
46	2	45	0	45	45
46	3	45	0	45	45
47	0	45	45	45	45
47	1	45	45	45	45
47	2	45	0	45	45
47	3	45	0	45	45
48	0	45	45	45	45
48	1	45	45	45	45
48	2	45	0	45	45
48	3	45	0	45	45
49	0	45	45	45	45
49	1	45	45	45	45
49	2	45	0	45	45
49	3	45	0	45	45
50	0	45	45	45	45
50	1	45	45	45	45
50	2	45	0	45	45
50	3	45	0	45	45
51	0	45	45	45	45
51	1	45	45	45	45
51	2	45	0	45	45
51	3	45	0	45	45
52	0	45	45	45	45
52	1	45	45	45	45
52	2	45	0	45	45
52	3	45	0	45	45
53	0	45	45	45	45
53	1	45	45	45	45
53	2	45	0	45	45
53	3	45	0	45	45
54	0	45	45	45	45
54	1	45	45	45	45
54	2	45	0	45	45
54	3	45	0	45	45
55	0	45	45	45	45
55	1	45	45	45	45
55	2	45	0	45	45
55	3	45	0	45	45
56	0	45	45	45	45
56	1	45	45	45	45
56	2	45	0	45	45
56	3	45	0	45	45
57	0	45	45	45	45
57	1	45	45	45	45
57	2	45	0	45	45
57	3	45	0	45	45
58	0	45	45	45	45
58	1	45	45	45	45
58	2	45	0	45	45
58	3	45	0	45	45
59	0	45	45	45	45
59	1	45	45	45	45
59	2	45	0	45	45
59	3	45	0	45	45
60	0	45	45	45	45
60	1	45	45	45	45
60	2	45	0	45	45
60	3	45	0	45	45
61	0	45	45	45	45
61	1	45	45	45	45
61	2	45	0	45	45
61	3	45	0	45	45
62	0	45	45	45	45
62	1	45	45	45	45
62	2	45	0	45	45
62	3	45	0	45	45
63	0	45	45	45	45
63	1	45	45	45	45
63	2	45	0	45	45
63	3	45	0	45	45
64	0	45	45	45	45
64	1	45	45	45	45
64	2	45	0	45	45
64	3	45	0	45	45
65	0	45	45	45	45
65	1	45	45	45	45
65	2	45	0	45	45
65	3	45	0	45	45
66	0	45	45	45	45
66	1	45	45	45	45
66	2	45	0	45	45
66	3	45	0	45	45
67	0	45	45	45	45
67	1	45	45	45	45
67	2	45	0	45	45
67	3	45	0	45	45
68	0	45	45	45	45
68	1	45	45	45	45
68	2	45	0	45	45
68	3	45	0	45	45
69	0	45	45	45	45
69	1	45	45	45	45
69	2	45	0	45	45
69	3	45	0	45	45
70	0	45	45	45	45
70	1	45	45	45	45
70	2	45	0	45	45
70	3	45	0	45	45
71	0	45	45	45	45
71	1	45	45	45	45
71	2	45	0	45	45
71	3	45	0	45	45
72	0	45	45	45	45
72	1	45	45	45	45
72	2	45	0	45	45
72	3	45	0	45	45
73	0	45	45	45	45
73	1	45	45	45	45
73	2	45	0	45	45
73	3	45	0	45	45
74	0	45	45	45	45
74	1	45	45	45	45
74	2	45	0	45	45
74	3	45	0	45	45
75	0	45	45	45	45
75	1	45	45	45	45
75	2	45	0	45	45
75	3	45	0	45	45
76	0	45	45	45	45
76	1	45	45	45	45
76	2	45	0	45	45
76	3	45	0	45	45
77	0	45	45	45	45
77	1	45	45	45	45
77	2	45	0	45	45
77	3	45	0	45	45
78	0	45	45	45	45
78	1	45	45	45	45
78	2	45	0	45	45
78	3	45	0	45	45
79	0	45	45	45	45
79	1	45	45	45	45
79	2	45	0	45	45
79	3	45	0	45	45
80	0	45	45	45	45
80	1	45	45	45	45
80	2	45	0	45	45
80	3	45	0	45	45
81	0	45	45	45	45
81	1	45	45	45	45
81	2	45	0	45	45
81	3	45	0	45	45
82	0	45	45	45	45
82	1	45	45	45	45
82	2	45	0	45	45
82	3	45	0	45	45
83	0	45	45	45	45
83	1	45	45	45	45
83	2	45	0	45	45
83	3	45	0	45	45
84	0	45	45	45	45
84	1	45	45	45	45
84	2	45	0	45	45
84	3	45	0	45	45
85	0	45	45	45	45
85	1	45	45	45	45
85	2	45	0	45	45
85	3	45	0	45	45
86	0	45	45	45	45
86	1	45	45	45	45
86	2	45	0	45	45
86	3	45	0	45	45
87	0	45	45	45	45
87	1	45	45	45	45
87	2	45	0	45	45
87	3	45	0	45	45
88	0	45	45	45	45
88	1	45	45	45	45
88	2	45	0	45	45
88	3	45	0	45	45
89	0	45	45	45	45
89	1	45	45	45	45
89	2	45	0	45	45
89	3	45	0	45	45
90	0	0	0	0	0
90	1	0	0	0	0
90	2	0	0	0	0
90	3	0	0	0	0
91	0	0	0	0	0
91	1	0	0	0	0
91	2	0	0	0	0
91	3	0	0	0	0
92	0	0	0	0	0
92	1	0	0	0	0
92	2	0	0	0	0
92	3	0	0	0	0
93	0	0	0	0	0
93	1	0	0	0	0
93	2	0	0	0	0
93	3	0	0	0	0
