WallIDX	TGTConc	PrjFlux	EroFlux_al_by_w	EroFluxPartial_al_by_w
0	0.716323	7.35203e-25	1.13552e-27	1.5852e-27
1	0.727828	2.77553e-25	3.82019e-28	5.24876e-28
2	0.671826	3.03963e-26	3.66839e-28	5.46032e-28
3	0.578708	-1.37995e-25	-5.43024e-27	-9.38339e-27
4	0.683711	1.90929e-26	-2.16965e-30	-3.17334e-30
5	0.698016	-1.79255e-25	-3.19132e-28	-4.57198e-28
6	0.700527	-2.68656e-26	4.06319e-29	5.80019e-29
7	0.698171	-6.90166e-25	-6.53456e-28	-9.35954e-28
8	0.704003	-1.42492e-24	-2.0163e-27	-2.86405e-27
9	0.702003	-2.3141e-24	-2.52666e-27	-3.59921e-27
10	0.668073	-7.8435e-25	-3.5278e-27	-5.28055e-27
11	0.654152	-1.21765e-25	-3.85999e-28	-5.90076e-28
12	0.725726	-1.17425e-25	-1.57193e-28	-2.16601e-28
13	0.755571	-2.59257e-26	-2.12046e-29	-2.80643e-29
14	0.731059	-3.47721e-26	-5.34731e-29	-7.31446e-29
15	0.715968	1.90176e-25	4.28972e-28	5.9915e-28
16	0.732579	4.90409e-26	1.68598e-28	2.30143e-28
17	0.71662	-3.47334e-26	-2.87196e-30	-4.00764e-30
18	0.690434	-1.2785e-25	-6.6411e-29	-9.61873e-29
19	0.697791	2.44632e-26	1.3933e-28	1.99673e-28
20	0.693892	1.74038e-25	-3.92191e-29	-5.65205e-29
21	0.660484	-5.61992e-26	-2.94678e-27	-4.46155e-27
22	0.627662	-1.55844e-23	-1.42759e-25	-2.27446e-25
23	0.698627	-6.66051e-24	-1.38671e-26	-1.9849e-26
24	0.709913	-1.21011e-23	-1.57873e-26	-2.22384e-26
25	0.710528	-2.42505e-24	-6.34083e-27	-8.92411e-27
26	0.694483	-6.37e-25	-2.2472e-27	-3.23579e-27
27	0.718143	-8.83735e-26	-1.77189e-28	-2.46732e-28
28	0.760067	-1.05498e-25	-1.16842e-28	-1.53726e-28
29	0.733207	-1.88133e-25	-2.83692e-28	-3.86919e-28
30	0.716354	-1.2935e-24	-1.73308e-27	-2.41931e-27
31	0.730676	-4.76135e-25	-6.67856e-28	-9.14025e-28
32	0.701104	-3.98362e-25	-6.76586e-28	-9.65029e-28
33	0.690333	-8.00534e-25	-1.31544e-27	-1.90552e-27
34	0.698426	-2.49583e-25	-5.83025e-28	-8.34769e-28
35	0.699044	6.22733e-25	5.80743e-28	8.30768e-28
36	0.692076	-1.00827e-24	-2.78216e-27	-4.02002e-27
37	0.667526	-6.30105e-24	-2.53361e-26	-3.79552e-26
38	0.699131	-4.97014e-24	-1.23872e-26	-1.77179e-26
39	0.705124	-3.49734e-24	-8.02132e-27	-1.13758e-26
40	0.693152	9.79764e-24	1.54326e-26	2.22643e-26
41	0.674756	2.34034e-24	7.42486e-27	1.10038e-26
42	0.709486	2.84427e-25	3.87943e-28	5.46794e-28
43	0.761004	6.15439e-26	4.60765e-29	6.0547e-29
44	0.733057	9.46471e-26	1.18017e-28	1.60994e-28
45	0.716123	-3.63217e-25	-8.58187e-28	-1.19838e-27
46	0.728333	-1.91702e-25	-3.1069e-28	-4.26577e-28
47	0.68761	-6.10755e-26	-2.3362e-28	-3.39757e-28
48	0.681508	3.80196e-25	8.26407e-28	1.21261e-27
49	0.695331	7.75159e-25	1.01343e-27	1.45747e-27
50	0.701589	3.4412e-25	4.64422e-28	6.61958e-28
51	0.696429	-4.64254e-25	-9.69851e-28	-1.3926e-27
52	0.692155	-2.8225e-24	-7.39591e-27	-1.06853e-26
53	0.699085	1.55424e-24	2.91891e-27	4.17533e-27
54	0.701672	6.03586e-24	7.91344e-27	1.1278e-26
55	0.686236	4.38306e-24	1.17695e-26	1.71509e-26
56	0.640729	1.57187e-24	1.18399e-26	1.84788e-26
57	0.703435	3.89499e-25	6.80238e-28	9.67024e-28
58	0.750697	1.17066e-25	1.28124e-28	1.70673e-28
59	0.73069	8.52034e-26	1.12824e-28	1.54407e-28
60	0.713932	-3.19862e-25	-3.70698e-28	-5.19234e-28
61	0.724473	-5.2393e-26	-7.28829e-29	-1.00601e-28
62	0.580306	2.06326e-25	4.78062e-27	8.23811e-27
63	0.552624	7.9706e-25	9.36099e-26	1.69392e-25
64	0.618997	9.0907e-25	7.61715e-27	1.23056e-26
65	0.697591	1.93384e-25	3.30518e-28	4.73799e-28
66	0.666097	-1.85578e-25	-1.36989e-27	-2.05659e-27
67	0.637387	1.20808e-25	-1.96534e-28	-3.08343e-28
68	0.69611	4.73679e-25	1.52411e-27	2.18947e-27
69	0.69169	1.14937e-24	2.89962e-27	4.19208e-27
70	0.552155	-8.28719e-25	-4.4832e-26	-8.11945e-26
71	0.540552	-6.13135e-24	-9.69856e-25	-1.79419e-24
72	0.630544	-1.24633e-24	-8.0246e-27	-1.27265e-26
73	0.765572	-2.39399e-25	-2.19947e-28	-2.87297e-28
74	0.73243	-1.24181e-25	-1.8607e-28	-2.54045e-28
75	0.714412	3.95895e-25	3.63047e-28	5.08175e-28
76	0.731518	8.06047e-26	7.77885e-29	1.06338e-28
77	0.602728	-9.14739e-26	1.25933e-28	2.08938e-28
78	0.55049	-4.15676e-26	-1.02273e-27	-1.85785e-27
79	0.651256	1.57044e-25	8.98749e-28	1.38002e-27
80	0.705552	2.35994e-25	4.32344e-28	6.12774e-28
81	0.702589	6.55517e-25	9.13656e-28	1.30041e-27
82	0.697166	-2.011e-25	-5.0536e-28	-7.24878e-28
83	0.700082	-1.72324e-24	-2.87547e-27	-4.10734e-27
84	0.705502	-1.32534e-24	-1.79508e-27	-2.5444e-27
85	0.59132	-1.62293e-25	-7.96501e-27	-1.34699e-26
86	0.561562	-1.04242e-24	-4.14812e-26	-7.38675e-26
87	0.692707	-4.67558e-25	-4.94842e-28	-7.1436e-28
88	0.756682	-1.8846e-25	-1.73544e-28	-2.29349e-28
89	0.732003	-1.15184e-25	-1.54076e-28	-2.10486e-28
90	0.129616	0.00969082	5.61679e-06	4.33341e-05
91	0.18419	0.000603572	8.44923e-07	4.58725e-06
92	0.125783	7.59381e-06	3.03951e-09	2.41647e-08
93	0.0114746	8.57394e-07	3.33425e-12	2.90576e-10
