9496
9502
9504
9526
10514
10515
10516
10517
10518
10519
10520
10521
10522
10523
10524
10525
10526
10527
10528
10541
10543
10544
10545
10546
10548
10561
10562
10563
10564
10565
10566
10567
10568
10569
10570
10571
10572
10573
10574
10575
11562
11563
11564
11585
11586
11587
11588
11589
11590
11591
11592
11593
11594
11596
11597
11598
11599
11600
11601
11602
11603
11604
11605
11607
11608
11609
11610
11611
11612
11613
11614
11615
11616
11637
11638
11639
12626
12627
12628
12629
12630
12631
12632
12633
12634
12635
12636
12637
12638
12639
12640
12653
12655
12656
12657
12658
12660
12673
12674
12675
12676
12677
12678
12679
12680
12681
12682
12683
12684
12685
12686
12687
