6522
6523
6524
6538
6539
6540
6577
6578
6579
6580
6581
6582
6583
6584
6585
6586
6589
6590
6591
6592
6593
6594
6595
6596
6598
6601
6602
6605
6609
6610
6611
6612
6613
6615
6616
6617
6618
6619
6620
6621
6622
6623
6624
6625
6633
6677
6678
7922
7923
7924
7925
7926
7927
7928
7929
7930
7931
7932
7933
7934
7935
7936
7949
7951
7952
7985
7986
8001
8002
8003
8004
8005
8006
8007
8008
8009
8010
8011
8012
8013
8014
8954
8955
8956
9009
9010
9011
9012
9013
9014
9015
9016
9017
9018
9021
9022
9023
9024
9025
9026
9027
9028
9029
9031
9033
9034
9035
9036
9037
9039
9093
