8984
8992
8996
8997
8998
8999
9000
9003
9005
9006
9007
9008
9062
10001
10002
10003
10004
10005
10006
10007
10008
10009
10010
10011
10012
10013
10014
10015
10016
10026
10028
10029
10030
10031
10032
10065
10081
10082
10083
10084
10085
10086
10087
10088
10089
10090
10091
10092
10094
11033
11034
11035
11036
11038
11039
11089
11090
11091
11092
11093
11094
11095
11096
11097
11101
11102
11103
11104
11105
11106
11107
11108
11109
11110
11111
11112
11113
11114
11115
11116
11117
11118
11119
11120
11174
12113
12114
12115
12116
12117
12118
12119
12120
12121
12122
12123
12124
12125
12126
12127
12128
12138
12140
12141
12142
12143
12144
12177
12193
12194
12195
12196
12197
12198
12199
12200
12201
12202
12203
12204
12206
