5607
5608
5615
5616
5645
5647
5648
5699
5700
5701
5702
5703
5704
5707
5708
5709
5710
5711
12874
12875
12876
12897
12898
12899
12900
12901
12902
12903
12904
12905
12906
12908
12909
12910
12911
12912
12913
12914
12915
12916
12917
12919
12920
12921
12922
12923
12924
12925
12926
12927
12928
12949
12950
12951
13938
13939
13940
13941
13942
13943
13944
13945
13946
13947
13948
13949
13950
13951
13952
13965
13967
13968
13969
13970
13972
13985
13986
13987
13988
13989
13990
13991
13992
13993
13994
13995
13996
13997
13998
13999
14986
14987
14988
15009
15010
15011
15012
15013
15014
15015
15016
15017
15018
15020
15021
15022
15023
15024
15025
15026
15027
15028
15029
15031
15032
15033
15034
15035
15036
15037
15038
15039
15040
15061
15062
15063
15336
15342
