6311
6312
6319
6320
6352
6375
6403
6404
6405
6406
6407
6408
6411
6412
6413
6414
6415
6416
13499
13553
13554
13555
13556
13557
13558
13559
13560
13561
13562
13563
13564
13565
13566
13567
13568
13569
13570
13571
13572
13576
13577
13578
13579
13580
13581
13582
13583
13584
13634
13635
13637
13638
13639
13640
14579
14581
14582
14583
14584
14585
14586
14587
14588
14589
14590
14591
14592
14608
14641
14642
14643
14644
14645
14647
14657
14658
14659
14660
14661
14662
14663
14664
14665
14666
14667
14668
14669
14670
14671
14672
15611
15665
15666
15667
15668
15669
15670
15671
15672
15673
15674
15675
15676
15677
15678
15679
15680
15681
15682
15683
15684
15688
15689
15690
15691
15692
15693
15694
15695
15696
15746
15747
15749
15750
15751
15752
