6597
6599
6600
6606
6607
6608
6626
6627
6628
6629
6630
6631
6632
6634
6635
6636
6637
6638
6639
6703
6704
13723
13724
13745
13746
13747
13748
13749
13750
13751
13752
13753
13754
13756
13757
13758
13759
13760
13761
13762
13763
13764
13767
13768
13769
13770
13771
13772
13773
13774
13775
13776
13797
13798
13799
14787
14788
14789
14790
14791
14792
14793
14794
14795
14796
14797
14798
14799
14800
14815
14816
14817
14818
14820
14833
14834
14835
14836
14837
14838
14839
14840
14841
14842
14843
14844
14845
14846
14847
15835
15836
15857
15858
15859
15860
15861
15862
15863
15864
15865
15866
15868
15869
15870
15871
15872
15873
15874
15875
15876
15879
15880
15881
15882
15883
15884
15885
15886
15887
15888
15909
15910
15911
