5785
5786
5787
5788
5789
5790
5791
5792
5801
5802
5803
5804
5805
5806
5841
5842
5843
5844
5845
5846
5847
5848
5849
5853
5854
5855
5856
5857
5858
5859
5860
5861
5862
5865
5869
5870
5873
5874
5875
5876
5877
5878
5879
5880
5881
5882
5883
5884
5885
5886
5887
5888
5889
5890
5897
5898
5952
7755
7777
7778
7779
7780
7781
7782
7783
7784
7785
7786
7787
7788
7789
7790
7791
7792
7793
7794
7795
7796
7800
7801
7802
7803
7804
7805
7806
7807
7808
7841
7842
7843
7844
7845
7846
7847
7848
8819
8821
8822
8823
8825
8826
8827
8828
8829
8830
8831
8849
8850
8851
8852
8853
8854
8855
8865
8866
8867
8873
8874
8876
