7237
7239
7240
7246
7247
7248
7266
7267
7268
7269
7270
7271
7272
7274
7275
7276
7277
7278
7279
7341
7343
7344
13146
13147
13148
13201
13202
13203
13204
13205
13206
13207
13208
13209
13210
13212
13213
13214
13215
13216
13217
13218
13219
13220
13221
13223
13224
13225
13226
13227
13228
13229
13230
13231
13232
13285
13286
13287
14226
14227
14228
14229
14230
14231
14232
14233
14234
14235
14236
14237
14238
14239
14240
14253
14255
14256
14289
14290
14292
14305
14306
14307
14308
14309
14310
14311
14312
14313
14314
14315
14316
14317
14318
14319
15258
15259
15260
15313
15314
15315
15316
15317
15318
15319
15320
15321
15322
15324
15325
15326
15327
15328
15329
15330
15331
15332
15333
15335
15337
15338
15339
15340
15341
15343
15344
15397
15398
15399
