5927
5928
5935
5936
5955
5956
5957
5959
5960
5963
5964
5965
5966
5967
5968
6021
6022
13106
13107
13108
13109
13110
13111
13112
13113
13114
13115
13116
13117
13118
13119
13120
13133
13135
13136
13169
13170
13185
13186
13187
13188
13189
13190
13191
13192
13193
13194
13195
13196
13197
13198
14138
14139
14140
14193
14194
14195
14196
14197
14198
14199
14200
14201
14202
14205
14206
14207
14208
14209
14210
14211
14212
14213
14215
14216
14217
14218
14219
14220
14221
14222
14223
14224
14277
14278
15218
15219
15220
15221
15222
15223
15224
15225
15226
15227
15228
15229
15230
15231
15232
15245
15247
15248
15281
15282
15297
15298
15299
15300
15301
15302
15303
15304
15305
15306
15307
15308
15309
15310
15600
15654
15656
15662
