6853
6855
6856
6862
6863
6864
6885
6886
6887
6946
6947
6948
6951
6952
6954
6955
6956
6957
6958
6959
6960
13523
13524
13525
13526
13527
13528
13529
13530
13531
13532
13533
13534
13535
13536
13551
13552
13585
13586
13588
13601
13602
13603
13604
13605
13606
13607
13608
13609
13610
13611
13612
13613
13614
13615
14555
14556
14609
14610
14611
14612
14613
14614
14615
14616
14617
14618
14620
14621
14622
14623
14624
14625
14626
14627
14628
14631
14632
14633
14634
14635
14636
14637
14638
14639
14640
14693
14694
14695
15635
15636
15637
15638
15639
15640
15641
15642
15643
15644
15645
15646
15647
15648
15663
15697
15698
15700
15713
15714
15715
15716
15717
15718
15719
15720
15721
15722
15723
15724
15725
15726
15727
