5807
5808
5863
5864
5871
5872
5891
5892
5893
5894
5895
5896
5899
5900
5901
5902
5903
5904
5958
13041
13042
13043
13044
13045
13046
13047
13048
13049
13050
13051
13052
13053
13054
13055
13056
13065
13066
13067
13068
13069
13070
13071
13072
13105
13121
13122
13123
13124
13125
13126
13127
13128
13129
13130
13131
13132
13134
14073
14074
14075
14076
14077
14078
14079
14080
14129
14130
14131
14132
14133
14134
14135
14136
14137
14141
14142
14143
14144
14145
14146
14147
14148
14149
14150
14151
14152
14153
14154
14155
14156
14157
14158
14159
14160
14214
15153
15154
15155
15156
15157
15158
15159
15160
15161
15162
15163
15164
15165
15166
15167
15168
15177
15178
15179
15180
15181
15182
15183
15184
15217
15233
15234
15235
15236
15237
15238
15239
15240
15241
15242
15243
15244
15246
15534
15536
15590
15592
15598
