5979
5995
6033
6034
6035
6036
6037
6038
6039
6040
6041
6042
6043
6044
6045
6046
6047
6048
6049
6050
6051
6052
6053
6054
6057
6058
6059
6060
6061
6062
6065
6066
6067
6068
6069
6070
6071
6072
6073
6074
6075
6076
6078
6081
6082
6089
6090
6137
6138
6139
6140
6141
6142
6143
6144
6145
6146
7657
7658
7659
7660
7661
7662
7663
7664
7681
7682
7683
7684
7685
7686
7687
7688
7689
7693
7694
7695
7696
7697
7698
7699
7700
7701
7702
7703
7704
7705
7706
7707
7708
7709
7710
7711
7712
7734
8721
8722
8723
8724
8725
8726
8727
8729
8730
8731
8732
8733
8734
8735
8745
8746
8748
8753
8769
8770
8771
8777
8778
8780
