9096
9102
9104
9158
9160
10099
10100
10101
10102
10103
10104
10105
10106
10107
10108
10109
10110
10111
10112
10127
10128
10161
10162
10163
10164
10165
10167
10177
10178
10179
10180
10181
10182
10183
10184
10185
10186
10187
10188
10189
10190
10191
10192
11131
11132
11185
11186
11187
11188
11189
11190
11191
11192
11193
11194
11195
11196
11197
11198
11199
11200
11201
11202
11203
11204
11207
11208
11209
11210
11211
11212
11213
11214
11215
11216
11266
11267
11269
11270
11271
11272
12211
12212
12213
12214
12215
12216
12217
12218
12219
12220
12221
12222
12223
12224
12239
12240
12273
12274
12275
12276
12277
12279
12289
12290
12291
12292
12293
12294
12295
12296
12297
12298
12299
12300
12301
12302
12303
12304
