6119
6120
6127
6128
6155
6156
6157
6158
6159
6160
6211
6212
6213
6214
6215
6216
6219
13305
13306
13307
13308
13309
13310
13311
13312
13361
13362
13363
13364
13365
13366
13367
13368
13373
13376
13377
13378
13379
13380
13381
13382
13383
13384
13385
13386
13387
13388
13389
13390
13391
13392
14385
14386
14387
14388
14389
14390
14391
14392
14393
14394
14395
14396
14397
14398
14399
14400
14409
14410
14411
14412
14413
14414
14415
14416
14465
14466
14467
14468
14469
14470
14471
14472
14473
14475
15417
15418
15419
15420
15421
15422
15423
15424
15473
15474
15475
15476
15477
15478
15479
15480
15485
15488
15489
15490
15491
15492
15493
15494
15495
15496
15497
15498
15499
15500
15501
15502
15503
15504
15816
15822
15824
