15968
15984
16064
16080
16096
16103
16104
16105
16106
16107
16108
16109
16110
16111
16112
16128
16144
16148
16149
16150
16151
16152
16155
16157
16158
16159
16160
16176
16192
16198
16201
16202
16203
16204
16205
16206
16207
16208
16224
16240
16245
16246
16249
16250
16251
16252
16253
16254
16255
16256
16272
16276
16277
16278
16279
16280
16283
16285
16286
16288
16624
16628
16629
16630
16631
16632
16635
16637
16638
16639
16640
16655
16656
16671
16672
16677
16678
16681
16682
16683
16684
16685
16686
16687
16688
16703
16704
16709
16710
16713
16714
16715
16716
16717
16718
16719
16720
17024
17055
17056
17061
17062
17064
17070
17071
17072
17087
17088
17093
17094
17096
17101
17102
17103
17104
17110
17124
17125
17126
17127
17128
17131
17133
17134
17135
17136
17141
17142
17156
17157
17158
17159
17160
17163
17165
17166
17167
17168
17172
17173
17174
17175
17176
17179
17180
17181
17182
17183
17184
17188
17189
17190
17191
17192
17195
17196
17197
17198
17199
17200
17201
17202
17203
17204
17206
17209
17210
17211
17212
17213
17217
17218
17219
17221
17222
17223
17225
