6247
6248
6255
6256
6287
6288
6339
6340
6341
6342
6343
6344
6347
6348
6349
6350
6351
13435
13436
13489
13490
13491
13492
13493
13494
13495
13496
13497
13498
13500
13501
13502
13503
13504
13505
13506
13507
13508
13511
13512
13513
13514
13515
13516
13517
13518
13519
13520
13573
13574
13575
14515
14516
14517
14518
14519
14520
14521
14522
14523
14524
14525
14526
14527
14528
14543
14544
14577
14578
14580
14593
14594
14595
14596
14597
14598
14599
14600
14601
14602
14603
14604
14605
14606
14607
15547
15548
15601
15602
15603
15604
15605
15606
15607
15608
15609
15610
15612
15613
15614
15615
15616
15617
15618
15619
15620
15623
15624
15625
15626
15627
15628
15629
15630
15631
15632
15685
15686
15687
