7162
7163
7164
7178
7179
7180
7217
7218
7219
7220
7221
7222
7223
7224
7225
7226
7228
7229
7230
7231
7232
7233
7234
7235
7236
7238
7241
7242
7244
7245
7249
7250
7251
7252
7253
7255
7256
7257
7258
7259
7260
7261
7262
7263
7264
7265
7273
7317
7318
7319
8402
8403
8404
8405
8406
8407
8408
8409
8410
8411
8412
8413
8414
8415
8416
8429
8431
8432
8433
8434
8436
8449
8450
8451
8452
8453
8454
8455
8456
8457
8458
8459
8460
8461
8462
8463
9450
9451
9452
9473
9474
9475
9476
9477
9478
9479
9480
9481
9482
9484
9485
9486
9487
9488
9489
9490
9491
9492
9493
9495
9497
9498
9499
9500
9501
9503
9525
9527
