5915
5916
5931
5932
5969
5970
5971
5972
5973
5974
5975
5976
5977
5978
5980
5981
5982
5983
5984
5985
5986
5987
5988
5989
5990
5993
5994
5996
5997
5998
6001
6002
6003
6004
6005
6006
6007
6008
6009
6010
6011
6012
6013
6014
6017
6018
6025
6026
6077
6079
6080
7690
7691
7692
7713
7714
7715
7716
7717
7718
7719
7720
7721
7722
7725
7726
7727
7728
7729
7730
7731
7732
7733
7735
7736
7737
7738
7739
7740
7741
7742
7743
7744
7765
7766
8754
8755
8756
8757
8758
8759
8761
8762
8763
8764
8765
8766
8767
8785
8786
8801
8802
8803
8809
8810
8812
