7365
7367
7368
7374
7375
7376
7394
7395
7396
7397
7398
7399
7400
7403
7466
7467
7468
7469
7470
7471
7472
13016
13017
13018
13019
13020
13021
13022
13023
13024
13073
13074
13075
13076
13077
13078
13079
13080
13085
13088
13089
13090
13091
13092
13093
13094
13095
13096
13097
13098
13099
13100
13101
13102
13103
13104
14097
14098
14099
14100
14101
14102
14103
14104
14105
14106
14107
14108
14109
14110
14111
14112
14113
14116
14121
14122
14123
14124
14125
14126
14127
14128
14177
14178
14179
14180
14181
14182
14183
14184
14185
14187
15126
15128
15129
15130
15131
15132
15133
15134
15135
15136
15185
15186
15187
15188
15189
15190
15191
15192
15197
15200
15201
15202
15203
15204
15205
15207
15209
15210
15211
15212
15213
15215
