6661
6663
6664
6670
6671
6672
6690
6691
6692
6693
6694
6695
6696
6698
6699
6700
6701
6702
6762
6764
6765
6766
6767
6768
13689
13690
13691
13692
13694
13695
13713
13714
13715
13716
13717
13718
13719
13720
13721
13722
13725
13726
13727
13728
13729
13730
13731
13732
13733
13734
13735
13736
13737
13738
13739
13740
13741
13742
13743
13744
13765
13766
14753
14754
14755
14756
14757
14758
14759
14760
14761
14762
14763
14764
14765
14766
14767
14768
14778
14780
14781
14782
14783
14784
14785
14786
14801
14802
14803
14804
14805
14806
14807
14808
14809
14810
14811
14812
14813
14814
15801
15802
15803
15804
15806
15807
15825
15826
15827
15828
15829
15830
15831
15832
15833
15834
15837
15838
15839
15840
15841
15842
15843
15844
15845
15846
15847
15848
15849
15850
15851
15852
15853
15854
15855
15856
15877
15878
