6725
6727
6728
6734
6735
6736
6754
6755
6756
6757
6758
6759
6760
6763
6826
6827
6828
6829
6830
6831
6832
13657
13658
13659
13660
13661
13662
13663
13664
13681
13682
13683
13684
13685
13686
13687
13688
13693
13696
13697
13698
13699
13700
13701
13702
13703
13704
13705
13706
13707
13708
13709
13710
13711
13712
14721
14722
14723
14724
14725
14726
14727
14728
14729
14730
14731
14732
14733
14734
14735
14736
14745
14746
14747
14748
14749
14750
14751
14752
14769
14770
14771
14772
14773
14774
14775
14776
14777
14779
15769
15770
15771
15772
15773
15774
15775
15776
15793
15794
15795
15796
15797
15798
15799
15800
15805
15808
15809
15810
15811
15812
15813
15814
15815
15817
15818
15819
15820
15821
15823
