7301
7303
7304
7310
7311
7312
7330
7331
7332
7333
7334
7335
7336
7338
7339
7340
7342
7402
7404
7405
7406
7407
7408
13081
13082
13083
13084
13086
13087
13137
13138
13139
13140
13141
13142
13143
13144
13145
13149
13150
13151
13152
13153
13154
13155
13156
13157
13158
13159
13160
13161
13162
13163
13164
13165
13166
13167
13168
13222
14161
14162
14163
14164
14165
14166
14167
14168
14169
14170
14171
14172
14173
14174
14175
14176
14186
14188
14189
14190
14191
14192
14225
14241
14242
14243
14244
14245
14246
14247
14248
14249
14250
14251
14252
14254
15193
15194
15195
15196
15198
15199
15249
15250
15251
15252
15253
15254
15255
15256
15257
15261
15262
15263
15264
15265
15266
15267
15268
15269
15271
15273
15274
15275
15276
15277
15279
