6789
6791
6792
6798
6799
6800
6818
6819
6820
6821
6822
6823
6824
6882
6883
6884
6888
6890
6891
6892
6893
6894
6895
6896
13587
13589
13590
13591
13592
13593
13594
13595
13596
13597
13598
13599
13600
13616
13649
13650
13651
13652
13653
13654
13655
13656
13665
13666
13667
13668
13669
13670
13671
13672
13673
13674
13675
13676
13677
13678
13679
13680
14619
14673
14674
14675
14676
14677
14678
14679
14680
14681
14682
14683
14684
14685
14686
14687
14688
14689
14690
14691
14692
14696
14697
14698
14699
14700
14701
14702
14703
14704
14737
14738
14739
14740
14741
14742
14743
14744
15699
15701
15702
15703
15704
15705
15706
15707
15708
15709
15710
15711
15712
15728
15761
15762
15763
15764
15765
15766
15767
15768
15777
15778
15779
15780
15781
15782
15783
15784
15785
15786
15787
15788
15789
15790
15791
15792
