421,79,4,0,0,0,0,0,0,0,0,0,0,0,0,96,15,2,0,0,0,0,0,0,0,0,0,0,0,0,2,0,0,0,0,0,0,0,0,0,0,0,0,0,0,0,0,0,0,0,0,0,0,0,0,0,0,0,0,0,1,0,0,0,0,0,0,0,0,0,0,0,0,0,0,45,10,1,0,0,0,0,0,0,0,0,0,0,0,0,0,0,0,0
65,481,77,2,1,0,0,0,0,0,0,0,0,0,0,39,76,28,7,0,0,0,0,0,0,0,0,0,0,0,0,1,1,0,0,0,0,0,0,0,0,0,0,0,0,0,0,0,0,0,0,0,0,0,0,0,0,0,0,0,3,0,0,0,0,0,0,0,0,0,0,0,0,0,0,20,46,20,1,0,0,0,0,0,0,0,0,0,0,0,0,0,0,0
6,78,430,97,4,0,0,0,0,0,0,0,0,0,0,4,25,89,32,2,0,0,0,0,0,0,0,0,0,0,0,0,3,0,0,0,0,0,0,0,0,0,0,0,0,0,0,0,0,0,0,0,0,0,0,0,0,0,0,0,0,0,1,0,0,0,0,0,0,0,0,0,0,0,0,6,29,52,17,1,0,0,0,0,0,0,0,0,0,0,0,0,0,0
1,4,78,451,82,1,0,0,0,0,0,0,0,0,0,0,2,30,87,32,3,0,0,0,0,0,0,0,0,0,0,0,0,0,1,0,0,0,0,0,0,0,0,0,0,0,0,0,0,0,0,0,0,0,0,0,0,0,0,0,0,0,0,2,0,0,0,0,0,0,0,0,0,0,0,0,5,27,74,24,0,0,0,0,0,0,0,0,0,0,0,0,0,0
0,0,9,73,451,102,2,0,0,0,0,0,0,0,0,0,0,4,24,78,23,5,0,0,0,0,0,0,0,0,0,0,0,1,0,2,0,0,0,0,0,0,0,0,0,0,0,0,0,0,0,0,0,0,0,0,0,0,0,0,0,0,0,0,0,0,0,0,0,0,0,0,0,0,0,0,0,0,26,53,20,1,0,0,0,0,0,0,0,0,0,0,0,0
0,0,1,6,93,423,79,3,0,0,0,0,0,0,0,0,0,0,3,26,82,32,2,0,0,0,0,0,0,0,0,0,0,0,1,1,1,0,0,0,0,0,0,0,0,0,0,0,0,0,0,0,0,0,0,0,0,0,0,0,0,0,0,0,0,0,0,0,0,0,0,0,0,0,0,0,0,0,3,27,53,13,2,0,0,0,0,0,0,0,0,0,0,0
0,0,0,0,2,86,451,70,6,0,0,0,0,0,0,0,0,0,1,1,24,69,20,0,0,0,0,0,0,0,0,0,0,0,0,0,0,0,0,0,0,0,0,0,0,0,0,0,0,0,0,0,0,0,0,0,0,0,0,0,0,0,0,0,0,1,0,0,0,0,0,0,0,0,0,0,0,0,0,3,12,59,22,4,0,0,0,0,0,0,0,0,0,0
0,0,0,0,1,0,89,444,81,7,0,0,0,0,0,0,0,0,0,0,3,23,72,26,2,1,0,0,0,0,0,0,0,0,0,0,1,0,1,1,0,0,0,0,0,0,0,0,0,0,0,0,0,0,0,0,0,0,0,0,0,0,0,0,0,0,0,1,0,0,0,0,0,0,0,0,0,0,0,1,2,18,46,19,3,0,0,0,0,0,0,0,0,0
0,0,0,0,0,0,6,74,447,90,2,0,0,0,0,0,0,0,0,0,0,1,23,91,36,1,0,0,0,0,0,0,0,0,0,0,0,0,0,0,1,0,0,0,0,0,0,0,0,0,0,0,0,0,0,0,0,0,0,0,0,0,0,0,0,0,1,0,0,1,0,0,0,0,0,0,0,0,0,0,0,3,26,35,21,4,0,0,0,0,0,0,0,0
0,0,0,0,0,0,0,5,87,451,63,4,1,0,0,0,0,0,0,0,0,1,5,28,113,18,7,0,0,0,0,0,0,0,0,0,0,0,0,1,0,0,0,0,0,0,0,0,0,0,0,0,0,0,0,0,0,0,0,0,0,0,0,0,0,0,0,0,0,0,0,1,0,0,0,0,0,0,0,0,0,1,4,16,53,12,2,0,0,0,0,0,0,0
0,0,0,0,0,0,0,0,4,84,474,75,1,1,0,0,0,0,0,0,0,0,0,3,28,90,18,4,0,0,0,0,0,0,0,0,0,0,0,0,0,0,0,0,0,0,0,0,0,0,0,0,0,0,0,0,0,0,0,0,0,0,0,0,0,0,0,0,0,0,0,1,0,0,0,0,0,0,0,0,0,0,0,3,26,58,28,4,0,0,0,0,0,0
0,0,0,0,0,0,0,0,0,3,80,433,87,4,0,0,0,0,0,0,0,0,0,0,0,21,91,18,1,0,0,0,0,0,0,0,0,0,0,0,1,0,1,0,0,0,0,0,0,0,0,0,0,0,0,0,0,0,0,0,0,0,0,0,0,0,0,0,0,0,0,1,0,0,0,0,0,0,0,0,0,0,0,0,1,22,48,26,7,0,0,0,0,0
0,0,0,0,0,0,0,0,0,1,4,90,456,92,1,0,0,0,0,0,0,0,0,0,2,5,28,87,30,1,0,0,0,0,0,0,0,0,0,0,0,1,1,2,0,0,0,0,0,0,0,0,0,0,0,0,0,0,0,0,0,0,0,0,0,0,0,0,0,0,0,0,0,1,0,0,0,0,0,0,0,0,0,0,0,3,21,50,25,3,0,0,0,0
0,0,0,0,0,0,0,0,0,0,1,2,81,470,90,0,0,0,0,0,0,0,0,0,0,0,2,19,100,33,0,0,0,0,0,0,0,0,0,0,0,0,0,1,1,0,0,0,0,0,0,0,0,0,0,0,0,0,0,0,0,0,0,0,0,0,0,0,0,0,0,0,0,0,0,0,0,0,0,0,0,0,0,0,0,0,0,19,52,15,0,0,0,0
0,0,0,0,0,0,0,0,0,0,0,1,4,110,384,0,0,0,0,0,0,0,0,0,0,0,0,6,35,86,0,0,0,0,0,0,0,0,0,0,0,0,0,1,0,0,0,0,0,0,0,0,0,0,0,0,0,0,0,0,0,0,0,0,0,0,0,0,0,0,0,0,0,1,1,0,0,0,0,0,0,0,0,0,0,0,0,5,26,43,0,0,0,0
96,18,3,0,0,0,0,0,0,0,0,0,0,0,0,416,65,5,0,0,0,0,0,0,0,0,0,0,0,0,111,29,4,0,0,0,0,0,0,0,0,0,0,0,0,1,0,0,0,0,0,0,0,0,0,0,0,0,0,0,0,0,0,0,0,0,0,0,0,0,0,0,0,0,0,1,0,0,0,0,0,0,0,0,0,0,0,0,0,0,0,0,0,0
25,73,21,1,0,0,0,0,0,0,0,0,0,0,0,78,377,80,1,0,0,0,0,0,0,0,0,0,0,0,27,111,31,6,0,0,0,0,0,0,0,0,0,0,0,0,0,0,0,0,0,0,0,0,0,0,0,0,0,0,0,0,0,0,0,0,0,0,0,0,0,0,0,0,0,1,0,1,0,0,0,0,0,0,0,0,0,0,0,0,0,0,0,0
5,23,71,33,7,0,0,0,0,0,0,0,0,0,0,3,71,424,61,6,0,0,0,0,0,0,0,0,0,0,2,32,108,33,2,0,0,0,0,0,0,0,0,0,0,0,0,1,0,0,0,0,0,0,0,0,0,0,0,0,0,0,0,0,0,0,0,0,0,0,0,0,0,0,0,0,0,0,0,0,0,0,0,0,0,0,0,0,0,0,0,0,0,0
1,3,23,86,16,2,0,0,0,0,0,0,0,0,0,2,5,89,402,83,2,0,0,0,0,0,0,0,0,0,0,3,37,100,41,1,2,0,0,0,0,0,0,0,0,0,0,2,1,1,0,0,0,0,0,0,0,0,0,0,0,0,0,0,0,0,0,0,0,0,0,0,0,0,0,0,0,1,0,0,0,0,0,0,0,0,0,0,0,0,0,0,0,0
0,0,1,38,73,18,3,0,0,0,0,0,0,0,0,0,0,3,79,411,82,5,2,0,0,0,0,0,0,0,0,0,1,29,122,21,7,0,0,0,0,0,0,0,0,0,0,0,0,1,0,0,0,0,0,0,0,0,0,0,0,0,0,0,0,0,0,0,0,0,0,0,0,0,0,0,0,0,0,0,0,0,0,0,0,0,0,0,0,0,0,0,0,0
0,0,0,3,13,102,26,1,0,0,0,0,0,0,0,0,0,0,4,75,402,68,1,0,0,0,0,0,0,0,0,0,2,1,32,109,25,6,0,0,0,0,0,0,0,0,0,0,0,1,0,2,0,0,0,0,0,0,0,0,0,0,0,0,0,0,0,0,0,0,0,0,0,0,0,0,0,0,0,1,1,1,1,0,0,0,0,0,0,0,0,0,0,0
0,0,0,0,2,26,70,24,3,0,0,0,0,0,0,0,0,0,1,1,52,413,64,3,0,0,0,0,0,0,0,0,0,1,4,26,94,28,3,0,0,0,0,0,0,0,0,0,0,0,0,1,0,0,0,0,0,0,0,0,0,0,0,0,0,0,0,0,0,0,0,0,0,0,0,0,0,0,0,0,0,1,0,0,0,0,0,0,0,0,0,0,0,0
0,0,0,0,0,0,26,71,24,2,1,0,0,0,0,0,0,0,0,0,3,84,393,70,5,0,0,0,0,0,0,0,0,0,0,3,33,100,30,1,1,0,0,0,0,0,0,0,0,0,0,2,0,1,0,0,0,0,0,0,0,0,0,0,0,0,0,0,0,0,0,0,0,0,0,0,0,0,0,0,0,0,0,0,0,0,0,0,0,0,0,0,0,0
0,0,0,0,0,0,5,18,84,24,1,0,0,0,0,0,0,0,0,0,0,3,70,365,94,1,0,0,0,0,0,0,0,0,0,1,3,24,93,26,2,0,0,0,0,0,0,0,0,0,0,0,1,0,0,0,0,0,0,0,0,0,0,0,0,0,0,0,0,0,0,0,0,0,0,0,0,0,0,0,1,0,1,0,1,0,0,0,0,0,0,0,0,0
0,0,0,0,0,0,0,2,23,79,19,6,1,0,0,0,0,0,0,0,0,0,5,52,419,71,3,0,0,0,0,0,0,0,0,0,0,5,25,109,37,7,0,0,0,0,0,0,0,0,0,0,0,0,1,0,0,0,0,0,0,0,0,0,0,0,0,0,0,0,0,0,0,0,0,0,0,0,0,0,0,0,0,0,0,1,0,0,0,0,0,0,0,0
0,0,0,0,0,0,0,0,1,31,80,28,2,0,0,0,0,0,0,0,0,0,0,3,87,404,83,8,0,0,0,0,0,0,0,0,0,2,0,34,92,34,6,1,0,0,0,0,0,0,0,0,0,0,1,0,1,0,0,0,0,0,0,0,0,0,0,0,0,0,0,0,0,0,0,0,0,0,0,0,0,0,0,0,0,0,0,0,0,0,0,0,0,0
0,0,0,0,0,0,0,0,0,1,31,86,23,4,1,0,0,0,0,0,0,0,0,0,3,75,478,74,7,0,0,0,0,0,0,0,0,0,0,6,21,120,33,2,0,0,0,0,0,0,0,0,0,0,0,0,1,0,0,0,0,0,0,0,0,0,0,0,0,0,0,0,0,0,0,0,0,0,0,0,0,0,0,0,0,0,0,0,0,0,0,0,0,0
0,0,0,0,0,0,0,0,0,1,5,25,101,19,1,0,0,0,0,0,0,0,0,0,1,4,75,413,92,5,0,0,0,0,0,0,0,0,0,0,3,26,117,31,3,0,0,0,0,0,0,0,0,0,0,0,0,1,0,0,0,0,0,0,0,0,0,0,0,0,0,0,0,0,0,0,0,0,0,0,0,0,0,0,0,0,0,0,0,1,0,0,0,0
0,0,0,0,0,0,0,0,0,0,0,3,25,68,20,0,0,0,0,0,0,0,0,0,0,0,3,60,427,66,0,0,0,0,0,0,0,0,0,0,1,3,27,108,31,0,0,0,0,0,0,0,0,0,0,0,0,0,1,0,0,0,0,0,0,0,0,0,0,0,0,0,0,0,0,0,0,0,0,0,0,0,0,0,0,0,0,0,1,0,0,0,0,0
0,0,0,0,0,0,0,0,0,0,0,0,3,29,72,0,0,0,0,0,0,0,0,0,0,0,0,5,98,407,0,0,0,0,0,0,0,0,0,0,0,0,8,43,88,0,0,0,0,0,0,0,0,0,0,0,0,0,0,2,0,0,0,0,0,0,0,0,0,0,0,0,0,0,0,0,0,0,0,0,0,0,0,0,0,0,0,0,1,1,0,0,0,0
1,0,0,0,0,0,0,0,0,0,0,0,0,0,0,88,37,9,0,0,0,0,0,0,0,0,0,0,0,0,445,70,5,0,0,0,0,0,0,0,0,0,0,0,0,55,16,4,0,0,0,0,0,0,0,0,0,0,0,0,0,0,1,0,0,0,0,0,0,0,0,0,0,0,0,0,0,0,0,0,0,0,0,0,0,0,0,0,0,0,0,0,0,0
1,1,0,0,0,0,0,0,0,0,0,0,0,0,0,30,97,30,1,0,0,0,0,0,0,0,0,0,0,0,69,451,86,6,1,0,0,0,0,0,0,0,0,0,0,19,53,24,3,0,0,0,0,0,0,0,0,0,0,0,0,1,1,0,0,0,0,0,0,0,0,0,0,0,0,0,0,0,0,0,0,0,0,0,0,0,0,0,0,0,0,0,0,0
0,0,2,2,0,0,0,0,0,0,0,0,0,0,0,2,35,110,29,2,0,0,0,0,0,0,0,0,0,0,9,62,458,84,9,0,0,0,0,0,0,0,0,0,0,1,19,58,34,2,0,0,0,0,0,0,0,0,0,0,0,0,1,0,0,0,0,0,0,0,0,0,0,0,0,0,1,0,0,0,0,0,0,0,0,0,0,0,0,0,0,0,0,0
0,0,1,4,1,0,0,0,0,0,0,0,0,0,0,0,4,29,133,27,3,1,0,0,0,0,0,0,0,0,0,7,86,425,92,5,0,0,0,0,0,0,0,0,0,0,1,20,59,12,2,0,0,0,0,0,0,0,0,0,0,0,0,0,0,1,0,0,0,0,0,0,0,0,0,0,0,0,0,0,0,0,0,0,0,0,0,0,0,0,0,0,0,0
0,0,0,0,0,1,0,0,0,0,0,0,0,0,0,0,0,4,24,103,30,1,0,0,0,0,0,0,0,0,0,0,5,80,510,91,3,0,0,0,0,0,0,0,0,0,0,2,18,48,21,3,0,0,0,0,0,0,0,0,0,0,0,0,0,0,0,0,0,0,0,0,0,0,0,0,0,0,0,0,0,0,0,0,0,0,0,0,0,0,0,0,0,0
0,0,0,0,0,0,0,0,0,0,0,0,0,0,0,0,0,0,3,35,103,23,3,0,0,0,0,0,0,0,0,0,1,4,88,430,86,5,0,0,0,0,0,0,0,0,0,0,3,26,58,20,4,0,0,0,0,0,0,0,0,0,0,0,0,0,1,0,0,0,0,0,0,0,0,0,0,0,0,0,0,0,0,0,0,0,0,0,0,0,0,0,0,0
0,0,0,0,0,0,0,1,0,0,0,0,0,0,0,0,0,0,0,0,21,100,23,0,0,0,0,0,0,0,0,0,0,0,5,66,452,64,8,1,0,0,0,0,0,0,0,0,0,2,19,48,23,0,1,0,0,0,0,0,0,0,0,0,0,1,0,0,0,0,0,0,0,0,0,0,0,0,0,0,0,0,0,0,0,0,0,0,0,0,0,0,0,0
0,0,0,0,0,0,1,3,1,0,0,0,0,0,0,0,0,0,0,0,1,39,95,13,3,1,0,0,0,0,0,0,0,0,0,8,80,423,74,7,1,0,0,0,0,0,0,0,0,0,0,25,44,23,2,0,0,0,0,0,0,0,0,0,0,1,0,0,0,0,0,0,0,0,0,0,0,0,0,0,0,0,0,0,0,0,0,0,0,0,0,0,0,0
0,0,0,0,0,0,0,0,1,1,0,0,0,0,0,0,0,0,0,0,1,5,30,96,37,3,0,0,0,0,0,0,0,0,0,0,8,94,411,92,3,0,0,0,0,0,0,0,0,0,0,6,24,42,16,1,0,0,0,0,0,0,0,0,0,0,0,1,0,0,0,0,0,0,0,0,0,0,0,0,0,0,0,0,0,0,0,0,0,0,0,0,0,0
0,0,0,0,0,0,0,0,0,0,0,0,0,0,0,0,0,0,0,0,0,0,2,30,103,22,4,0,0,0,0,0,0,0,0,0,0,3,77,458,68,3,1,0,0,0,0,0,0,0,0,1,4,18,50,22,3,0,0,0,0,0,0,0,0,0,0,0,0,1,0,0,0,0,0,0,0,0,0,0,0,0,0,0,0,0,0,0,0,0,0,0,0,0
0,0,0,0,0,0,0,0,0,1,1,0,0,0,0,0,0,0,0,0,0,0,0,2,36,127,43,2,0,0,0,0,0,0,0,0,0,0,2,83,461,97,4,0,1,0,0,0,0,0,0,0,0,2,25,46,25,1,1,0,0,0,0,0,0,0,0,0,0,1,1,0,0,0,0,0,0,0,0,0,0,0,0,0,0,0,0,0,0,0,0,0,0,0
0,0,0,0,0,0,0,0,0,0,1,4,1,0,0,0,0,0,0,0,0,0,0,0,0,16,108,30,6,0,0,0,0,0,0,0,0,0,1,9,74,507,88,3,0,0,0,0,0,0,0,0,0,1,2,26,70,17,4,0,0,0,0,0,0,0,0,0,0,0,0,0,0,0,0,0,0,0,0,0,0,0,0,0,0,0,0,0,0,0,0,0,0,0
0,0,0,0,0,0,0,0,0,0,0,1,1,1,0,0,0,0,0,0,0,0,0,0,0,3,32,89,32,1,0,0,0,0,0,0,0,0,0,0,3,77,473,90,4,0,0,0,0,0,0,0,0,0,0,6,35,70,17,4,0,0,0,0,0,0,0,0,0,0,0,0,0,2,0,0,0,0,0,0,0,0,0,0,0,0,0,0,0,0,0,0,0,0
0,0,0,0,0,0,0,0,0,0,0,0,1,0,0,0,0,0,0,0,0,0,0,0,0,0,6,22,119,26,0,0,0,0,0,0,0,0,0,0,0,1,103,459,73,0,0,0,0,0,0,0,0,0,0,1,1,23,56,9,0,0,0,0,0,0,0,0,0,0,0,0,0,0,0,0,0,0,0,0,0,0,0,0,0,0,0,0,0,0,0,0,0,0
0,0,0,0,0,0,0,0,0,0,0,0,1,0,0,0,0,0,0,0,0,0,0,0,0,0,0,4,38,65,0,0,0,0,0,0,0,0,0,0,0,0,6,113,411,0,0,0,0,0,0,0,0,0,0,0,0,4,28,29,0,0,0,0,0,0,0,0,0,0,0,0,1,0,0,0,0,0,0,0,0,0,0,0,0,0,0,0,0,0,0,0,0,0
0,0,0,0,0,0,0,0,0,0,0,0,0,0,0,2,0,0,0,0,0,0,0,0,0,0,0,0,0,0,72,20,3,1,1,0,0,0,0,0,0,0,0,0,0,511,80,8,0,0,0,0,0,0,0,0,0,0,0,0,73,30,6,2,0,0,0,0,0,0,0,0,0,0,0,1,0,0,0,0,0,0,0,0,0,0,0,0,0,0,0,0,0,0
0,0,0,0,0,0,0,0,0,0,0,0,0,0,0,1,0,2,0,0,0,0,0,0,0,0,0,0,0,0,30,72,32,1,0,0,0,0,0,0,0,0,0,0,0,78,505,94,4,0,0,0,0,0,0,0,0,0,0,0,30,64,27,3,0,0,0,0,0,0,0,0,0,0,0,0,0,0,1,0,0,0,0,0,0,0,0,0,0,0,0,0,0,0
0,0,0,0,0,0,0,0,0,0,0,0,0,0,0,0,1,1,1,0,0,0,0,0,0,0,0,0,0,0,3,24,77,28,2,0,0,0,0,0,0,0,0,0,0,3,91,494,70,5,0,0,0,0,0,0,0,0,0,0,3,11,61,22,3,1,0,0,0,0,0,0,0,0,0,0,0,0,0,0,0,0,0,0,0,0,0,0,0,0,0,0,0,0
0,0,0,0,0,0,0,0,0,0,0,0,0,0,0,0,0,0,0,0,0,0,0,0,0,0,0,0,0,0,0,1,17,78,24,3,0,0,0,0,0,0,0,0,0,0,5,84,473,106,2,0,0,0,0,0,0,0,0,0,0,2,25,55,23,2,1,0,0,0,0,0,0,0,0,0,1,0,0,1,0,0,0,0,0,0,0,0,0,0,0,0,0,0
0,0,0,0,0,0,0,0,0,0,0,0,0,0,0,0,0,0,0,0,1,0,0,0,0,0,0,0,0,0,0,1,2,23,60,23,4,0,0,0,0,0,0,0,0,0,0,5,82,504,89,7,0,0,0,0,0,0,0,0,0,0,3,22,68,15,4,0,0,0,0,0,0,0,0,0,0,0,0,0,0,0,0,0,0,0,0,0,0,0,0,0,0,0
0,0,0,0,0,0,0,0,0,0,0,0,0,0,0,0,0,0,0,0,0,0,0,0,0,0,0,0,0,0,0,0,0,4,27,64,26,3,0,0,0,0,0,0,0,0,0,1,5,91,416,94,3,0,0,0,0,0,0,0,0,0,0,3,26,48,25,7,0,0,0,0,0,0,0,0,0,0,0,0,1,0,0,0,0,0,0,0,0,0,0,0,0,0
0,0,0,0,0,0,0,0,0,0,0,0,0,0,0,0,0,0,0,0,0,0,0,0,0,0,0,0,0,0,0,0,0,0,2,17,55,23,4,0,0,0,0,0,0,0,0,0,1,2,74,467,66,2,0,0,0,0,0,0,0,0,0,0,2,17,68,30,2,0,0,0,0,0,0,0,0,0,0,0,0,1,0,1,0,0,0,0,0,0,0,0,0,0
0,0,0,0,0,0,0,0,0,0,0,0,0,0,0,0,0,0,0,0,0,0,0,0,0,0,0,0,0,0,0,0,0,0,1,5,16,63,22,3,1,0,0,0,0,0,0,0,0,0,3,86,444,79,9,1,0,0,0,0,0,0,0,0,0,3,18,51,13,2,0,0,0,0,0,0,0,0,0,0,0,1,0,0,0,0,0,0,0,0,0,0,0,0
0,0,0,0,0,0,0,0,0,0,0,0,0,0,0,0,0,0,0,0,0,0,0,1,0,0,0,0,0,0,0,0,0,0,0,0,3,26,54,27,2,0,0,0,0,0,0,0,0,0,0,6,97,424,85,1,1,0,0,0,0,0,0,0,0,0,4,18,61,22,1,1,0,0,0,0,0,0,0,0,0,0,0,0,0,0,0,0,0,0,0,0,0,0
0,0,0,0,0,0,0,0,0,0,0,0,0,0,0,0,0,0,0,0,0,0,0,0,1,0,0,0,0,0,0,0,0,0,0,0,0,2,24,64,19,4,1,0,0,0,0,0,0,0,0,0,8,74,500,92,3,0,0,0,0,0,0,0,0,0,1,3,23,58,17,4,1,0,0,0,0,0,0,0,0,0,0,0,0,0,0,0,0,0,0,0,0,0
0,0,0,0,0,0,0,0,0,0,0,0,0,0,0,0,0,0,0,0,0,0,0,0,1,0,1,0,0,0,0,0,0,0,0,0,0,0,2,21,63,21,4,0,0,0,0,0,0,0,0,0,0,2,78,475,107,4,0,0,0,0,0,0,0,0,0,0,1,23,64,27,4,0,0,0,0,0,0,0,0,0,0,0,0,1,0,0,0,0,0,0,0,0
0,0,0,0,0,0,0,0,0,0,0,0,0,0,0,0,0,0,0,0,0,0,0,0,0,0,2,1,0,0,0,0,0,0,0,0,0,0,0,3,24,90,23,1,0,0,0,0,0,0,0,0,0,0,4,73,496,74,6,0,0,0,0,0,0,0,0,0,0,3,29,59,23,4,0,0,0,0,0,0,0,0,0,0,0,0,1,1,0,0,0,0,0,0
0,0,0,0,0,0,0,0,0,0,0,0,0,0,0,0,0,0,0,0,0,0,0,0,0,0,1,0,1,0,0,0,0,0,0,0,0,0,0,1,3,30,60,20,6,0,0,0,0,0,0,0,0,0,0,5,86,461,117,1,0,0,0,0,0,0,0,0,0,0,2,25,56,17,3,0,0,0,0,0,0,0,0,0,0,0,1,0,0,1,0,0,0,0
0,0,0,0,0,0,0,0,0,0,0,0,0,0,0,0,0,0,0,0,0,0,0,0,0,0,0,0,1,0,0,0,0,0,0,0,0,0,0,0,0,1,19,68,17,0,0,0,0,0,0,0,0,0,0,1,7,89,462,82,0,0,0,0,0,0,0,0,0,0,2,4,17,51,22,0,0,0,0,0,0,0,0,0,0,0,0,0,0,0,0,0,0,0
0,0,0,0,0,0,0,0,0,0,0,0,0,0,0,0,0,0,0,0,0,0,0,0,0,0,0,0,1,1,0,0,0,0,0,0,0,0,0,0,0,1,1,30,61,0,0,0,0,0,0,0,0,0,0,1,0,7,135,427,0,0,0,0,0,0,0,0,0,0,0,1,3,34,48,0,0,0,0,0,0,0,0,0,0,0,0,0,1,1,0,0,0,0
0,0,0,0,0,0,0,0,0,0,0,0,0,0,0,0,0,0,0,0,0,0,0,0,0,0,0,0,0,0,1,0,0,0,0,0,0,0,0,0,0,0,0,0,0,61,22,2,1,0,0,0,0,0,0,0,0,0,0,0,469,59,2,1,0,0,0,0,0,0,0,0,0,0,0,72,19,3,0,0,0,0,0,0,0,0,0,0,0,0,0,0,0,0
0,1,0,1,0,0,0,0,0,0,0,0,0,0,0,0,0,0,0,0,0,0,0,0,0,0,0,0,0,0,1,0,1,0,0,0,0,0,0,0,0,0,0,0,0,24,59,26,2,0,0,0,0,0,0,0,0,0,0,0,97,467,87,10,0,0,0,0,0,0,0,0,0,0,0,17,98,23,2,1,0,0,0,0,0,0,0,0,0,0,0,0,0,0
0,1,0,0,0,0,0,0,0,0,0,0,0,0,0,0,0,0,0,0,0,0,0,0,0,0,0,0,0,0,0,0,0,0,0,0,0,0,0,0,0,0,0,0,0,0,32,78,23,2,0,0,0,0,0,0,0,0,0,0,3,81,502,96,9,0,0,0,0,0,0,0,0,0,0,3,32,79,18,2,0,0,0,0,0,0,0,0,0,0,0,0,0,0
0,0,1,0,0,0,0,0,0,0,0,0,0,0,0,0,0,0,0,0,0,0,0,0,0,0,0,0,0,0,0,0,0,0,1,0,0,0,0,0,0,0,0,0,0,0,1,20,50,23,2,0,0,0,0,0,0,0,0,0,0,3,96,498,82,8,1,0,0,0,0,0,0,0,0,0,2,21,99,24,4,0,0,0,0,0,0,0,0,0,0,0,0,0
0,0,0,0,0,0,0,0,0,0,0,0,0,0,0,0,0,0,0,0,0,0,0,0,0,0,0,0,0,0,0,0,0,0,0,0,0,0,0,0,0,0,0,0,0,0,0,2,28,58,11,2,1,0,0,0,0,0,0,0,0,1,3,80,439,86,6,0,0,0,0,0,0,0,0,0,0,1,22,85,33,2,0,0,0,0,0,0,0,0,0,0,0,0
0,0,0,0,0,0,0,0,0,0,0,0,0,0,0,0,0,0,0,0,0,0,0,0,0,0,0,0,0,0,0,0,0,0,0,1,0,0,0,0,0,0,0,0,0,0,0,0,4,21,61,22,1,0,0,0,0,0,0,0,0,0,0,1,87,429,85,4,0,0,0,0,0,0,0,0,0,0,4,35,88,18,2,0,0,0,0,0,0,0,0,0,0,0
0,0,0,0,0,0,0,1,1,0,0,0,0,0,0,0,0,0,0,0,0,0,0,0,0,0,0,0,0,0,0,0,0,0,0,0,2,2,0,0,0,0,0,0,0,0,0,0,0,3,20,52,20,4,0,0,0,0,0,0,0,0,0,0,2,79,479,77,4,2,0,0,0,0,0,0,0,0,0,3,24,65,23,2,0,0,0,0,0,0,0,0,0,0
0,0,0,0,0,0,0,0,0,1,0,0,0,0,0,0,0,0,0,0,0,0,0,0,0,0,0,0,0,0,0,0,0,0,0,0,0,1,2,0,0,0,0,0,0,0,0,0,0,0,1,24,55,25,3,0,0,0,0,0,0,0,0,0,0,3,98,416,71,3,0,0,0,0,0,0,0,0,0,1,2,23,61,26,3,0,0,0,0,0,0,0,0,0
0,0,0,0,0,0,0,0,1,0,0,0,0,0,0,0,0,0,0,0,0,0,0,0,0,0,0,0,0,0,0,0,0,0,0,1,0,0,0,0,0,0,0,0,0,0,0,0,0,0,0,1,26,46,20,3,0,0,0,0,0,0,0,0,0,0,8,73,454,76,2,0,0,0,0,0,0,0,0,0,1,3,26,82,29,0,1,0,0,0,0,0,0,0
0,0,0,0,0,0,0,0,4,0,0,0,0,0,0,0,0,0,0,0,0,0,0,0,0,0,0,0,0,0,0,0,0,0,0,0,0,1,0,1,0,1,1,0,0,0,0,0,0,0,0,0,1,12,60,20,2,1,0,0,0,0,0,0,0,0,0,2,90,477,79,7,0,0,0,0,0,0,0,0,0,0,5,21,94,32,4,1,0,0,0,0,0,0
0,0,0,0,0,0,0,0,0,1,0,2,0,0,0,0,0,0,0,0,0,0,0,0,0,0,0,0,0,0,0,0,0,0,0,0,0,0,0,0,3,0,0,0,0,0,0,0,0,0,0,0,0,1,25,52,26,0,1,0,0,0,0,0,0,0,0,1,9,84,442,77,5,0,0,0,0,0,0,0,0,0,0,2,24,75,25,2,0,0,0,0,0,0
0,0,0,0,0,0,0,0,0,0,0,0,1,1,0,0,0,0,0,0,0,0,0,0,0,0,0,0,0,0,0,0,0,0,0,0,0,0,0,0,0,0,1,1,0,0,0,0,0,0,0,0,0,0,3,29,73,24,3,0,0,0,0,0,0,0,0,0,0,4,87,468,83,5,0,0,0,0,0,0,0,0,0,0,1,25,113,22,6,0,0,0,0,0
0,0,0,0,0,0,0,0,0,0,0,0,1,0,0,0,0,0,0,0,0,0,0,0,0,0,0,0,0,0,0,0,0,0,0,0,0,0,0,0,0,2,0,0,1,0,0,0,0,0,0,0,0,0,0,3,28,53,24,1,0,0,0,0,0,0,0,0,0,0,2,77,417,93,2,0,0,0,0,0,0,0,0,0,1,1,33,118,34,2,0,0,0,0
0,0,0,0,0,0,0,0,0,0,0,0,0,1,0,0,0,0,0,0,0,0,0,0,0,0,0,0,0,0,0,0,0,0,0,0,0,0,0,0,0,0,0,0,0,0,0,0,0,0,0,0,0,0,0,0,2,27,63,20,0,0,0,0,0,0,0,0,0,0,0,4,75,454,73,0,0,0,0,0,0,0,0,0,0,0,3,32,116,23,0,0,0,0
0,0,0,0,0,0,0,0,0,0,0,0,0,1,0,0,0,0,0,0,0,0,0,0,0,0,0,0,0,0,0,0,0,0,0,0,0,0,0,0,0,0,1,0,0,0,0,0,0,0,0,0,0,0,0,0,1,5,26,41,0,0,0,0,0,0,0,0,0,0,0,0,10,89,427,0,0,0,0,0,0,0,0,0,0,0,0,5,39,83,0,0,0,0
61,17,2,0,0,0,0,0,0,0,0,0,0,0,0,2,0,0,0,0,0,0,0,0,0,0,0,0,0,0,0,0,0,0,0,0,0,0,0,0,0,0,0,0,0,0,0,0,0,0,0,0,0,0,0,0,0,0,0,0,71,18,5,1,0,0,0,0,0,0,0,0,0,0,0,448,78,1,0,0,0,0,0,0,0,0,0,0,0,0,0,0,0,0
24,46,25,1,1,0,0,0,0,0,0,0,0,0,0,0,0,1,1,0,0,0,0,0,0,0,0,0,0,0,0,0,0,0,0,0,0,0,0,0,0,0,0,0,0,0,1,0,0,0,0,0,0,0,0,0,0,0,0,0,30,87,37,5,0,0,0,0,0,0,0,0,0,0,0,85,460,96,4,0,0,0,0,0,0,0,0,0,0,0,0,0,0,0
3,24,71,21,2,0,0,0,0,0,0,0,0,0,0,0,1,0,1,0,0,0,0,0,0,0,0,0,0,0,0,0,0,0,0,0,0,0,0,0,0,0,0,0,0,0,0,1,1,0,0,0,0,0,0,0,0,0,0,0,4,29,95,19,3,0,0,0,0,0,0,0,0,0,0,1,83,462,89,6,0,0,0,0,0,0,0,0,0,0,0,0,0,0
0,6,23,65,27,3,0,0,0,0,0,0,0,0,0,0,0,0,0,0,0,0,0,0,0,0,0,0,0,0,0,0,0,0,0,0,0,0,0,0,0,0,0,0,0,0,0,0,0,0,0,0,0,0,0,0,0,0,0,0,1,1,33,86,24,2,1,0,0,0,0,0,0,0,0,1,2,87,445,79,7,0,0,0,0,0,0,0,0,0,0,0,0,0
0,0,2,28,71,16,5,1,0,0,0,0,0,0,0,0,0,0,1,0,0,0,0,0,0,0,0,0,0,0,0,0,0,0,0,0,0,0,0,0,0,0,0,0,0,0,0,0,0,1,0,0,0,0,0,0,0,0,0,0,0,0,0,34,130,25,4,0,0,0,0,0,0,0,0,0,1,7,79,421,92,6,0,0,0,0,0,0,0,0,0,0,0,0
0,0,2,0,29,66,30,2,0,0,0,0,0,0,0,0,0,0,0,0,0,0,0,0,0,0,0,0,0,0,0,0,0,0,0,0,0,0,0,0,0,0,0,0,0,0,0,0,0,1,0,0,0,0,0,0,0,0,0,0,0,0,0,2,23,97,11,1,0,0,0,0,0,0,0,0,0,0,3,89,411,77,4,2,0,0,0,0,0,0,0,0,0,0
0,0,0,0,2,20,69,18,4,0,0,0,0,0,0,0,0,0,0,0,0,0,0,0,0,0,0,0,0,0,0,0,0,0,0,0,0,0,0,0,0,0,0,0,0,0,0,0,0,0,0,0,1,0,0,0,0,0,0,0,0,0,0,0,4,21,81,20,3,1,0,0,0,0,0,0,0,0,0,7,82,456,66,7,0,0,0,0,0,0,0,0,0,0
0,0,0,0,0,4,24,70,25,1,0,0,0,0,0,0,0,0,0,0,0,0,0,1,0,0,0,0,0,0,0,0,0,0,0,0,0,0,0,0,0,0,0,0,0,0,0,0,0,0,0,0,0,0,1,0,0,0,0,0,0,0,0,0,1,1,26,67,41,5,0,0,0,0,0,0,0,0,0,0,6,88,429,70,7,0,0,0,0,0,0,0,0,0
0,0,0,0,0,0,0,16,55,20,4,0,0,0,0,0,0,0,0,0,0,0,0,1,0,0,0,0,0,0,0,0,0,0,0,0,0,0,0,0,0,0,0,0,0,0,0,0,0,0,0,0,0,0,0,0,0,0,0,0,0,0,0,0,0,0,6,33,81,21,7,1,0,0,0,0,0,0,0,0,0,3,74,431,65,8,1,0,0,0,0,0,0,0
0,0,0,0,0,0,0,3,16,69,19,1,0,0,0,0,0,0,0,0,0,0,0,0,1,0,0,0,0,0,0,0,0,0,0,0,0,0,0,0,0,0,0,0,0,0,0,0,0,0,0,0,0,0,0,1,0,0,0,0,0,0,0,0,0,0,0,2,24,94,28,0,1,0,0,0,0,0,0,0,0,0,8,89,449,75,2,0,0,0,0,0,0,0
0,0,0,0,0,0,0,0,1,17,48,36,2,0,0,0,0,0,0,0,0,0,0,0,1,0,1,0,0,0,0,0,0,0,0,0,0,0,0,0,0,0,0,0,0,0,0,0,0,0,0,0,0,1,0,0,0,0,0,0,0,0,0,0,0,0,0,0,3,30,79,29,2,0,0,0,0,0,0,0,0,0,0,2,94,419,91,4,0,0,0,0,0,0
0,0,0,0,0,0,0,0,0,3,23,67,20,0,0,0,0,0,0,0,0,0,0,0,0,1,0,0,0,0,0,0,0,0,0,0,0,0,0,0,0,0,0,0,0,0,0,0,0,0,0,0,0,0,0,0,1,2,0,0,0,0,0,0,0,0,0,0,0,2,22,117,27,7,0,0,0,0,0,0,0,0,0,0,9,71,413,70,6,1,0,0,0,0
0,0,0,0,0,0,0,0,0,0,4,32,61,26,2,0,0,0,0,0,0,0,0,0,0,0,0,0,0,0,0,0,0,0,0,0,0,0,0,0,0,0,0,0,0,0,0,0,0,0,0,0,0,0,0,0,1,0,0,0,0,0,0,0,0,0,0,0,0,0,0,23,99,36,2,0,0,0,0,0,0,0,0,0,0,4,86,438,94,5,0,0,0,0
0,0,0,0,0,0,0,0,0,0,2,1,23,81,25,0,0,0,0,0,0,0,0,0,0,0,0,1,1,0,0,0,0,0,0,0,0,0,0,0,0,0,0,0,0,0,0,0,0,0,0,0,0,0,0,0,0,0,0,0,0,0,0,0,0,0,0,0,0,0,0,3,24,91,29,0,0,0,0,0,0,0,0,0,0,1,8,107,423,62,0,0,0,0
0,0,0,0,0,0,0,0,0,0,0,0,1,17,41,0,0,0,0,0,0,0,0,0,0,0,0,0,1,0,0,0,0,0,0,0,0,0,0,0,0,0,0,0,0,0,0,0,0,0,0,0,0,0,0,0,0,0,0,0,0,0,0,0,0,0,0,0,0,0,0,1,5,43,73,0,0,0,0,0,0,0,0,0,0,0,0,9,114,342,0,0,0,0
0,0,0,0,0,0,0,0,0,0,0,0,0,0,0,0,0,0,0,0,0,0,0,0,0,0,0,0,0,0,0,0,0,0,0,0,0,0,0,0,0,0,0,0,0,0,0,0,0,0,0,0,0,0,0,0,0,0,0,0,0,0,0,0,0,0,0,0,0,0,0,0,0,0,0,0,0,0,0,0,0,0,0,0,0,0,0,0,0,0,0,0,0,0
0,0,0,0,0,0,0,0,0,0,0,0,0,0,0,0,0,0,0,0,0,0,0,0,0,0,0,0,0,0,0,0,0,0,0,0,0,0,0,0,0,0,0,0,0,0,0,0,0,0,0,0,0,0,0,0,0,0,0,0,0,0,0,0,0,0,0,0,0,0,0,0,0,0,0,0,0,0,0,0,0,0,0,0,0,0,0,0,0,0,0,0,0,0
0,0,0,0,0,0,0,0,0,0,0,0,0,0,0,0,0,0,0,0,0,0,0,0,0,0,0,0,0,0,0,0,0,0,0,0,0,0,0,0,0,0,0,0,0,0,0,0,0,0,0,0,0,0,0,0,0,0,0,0,0,0,0,0,0,0,0,0,0,0,0,0,0,0,0,0,0,0,0,0,0,0,0,0,0,0,0,0,0,0,0,0,0,0
0,0,0,0,0,0,0,0,0,0,0,0,0,0,0,0,0,0,0,0,0,0,0,0,0,0,0,0,0,0,0,0,0,0,0,0,0,0,0,0,0,0,0,0,0,0,0,0,0,0,0,0,0,0,0,0,0,0,0,0,0,0,0,0,0,0,0,0,0,0,0,0,0,0,0,0,0,0,0,0,0,0,0,0,0,0,0,0,0,0,0,0,0,0
