9376
9398
9400
9406
9408
10395
10417
10418
10419
10420
10421
10422
10423
10424
10425
10426
10427
10428
10429
10430
10431
10432
10433
10434
10435
10436
10440
10441
10442
10443
10444
10445
10446
10447
10448
10465
10466
10467
10468
10469
10470
10471
10472
11459
11461
11462
11463
11464
11465
11466
11467
11468
11469
11470
11471
11472
11488
11489
11490
11491
11492
11493
11494
11495
11496
11505
11506
11507
11508
11509
11510
11511
11512
11513
11514
11515
11516
11517
11518
11519
11520
12507
12529
12530
12531
12532
12533
12534
12535
12536
12537
12538
12539
12540
12541
12542
12543
12544
12545
12546
12547
12548
12552
12553
12554
12555
12556
12557
12558
12559
12560
12577
12578
12579
12580
12581
12582
12583
12584
