5991
5992
5999
6000
6019
6020
6023
6024
6027
6028
6029
6030
6031
6032
6085
6086
6087
13171
13172
13173
13174
13175
13176
13177
13178
13179
13180
13181
13182
13183
13184
13199
13200
13233
13234
13236
13249
13250
13251
13252
13253
13254
13255
13256
13257
13258
13259
13260
13261
13262
13263
14203
14204
14257
14258
14259
14260
14261
14262
14263
14264
14265
14266
14268
14269
14270
14271
14272
14273
14274
14275
14276
14279
14280
14281
14282
14283
14284
14285
14286
14287
14288
14338
14339
14341
14342
14343
14344
15283
15284
15285
15286
15287
15288
15289
15290
15291
15292
15293
15294
15295
15296
15311
15312
15345
15346
15347
15348
15349
15351
15361
15362
15363
15364
15365
15366
15367
15368
15369
15370
15371
15372
15373
15374
15375
15664
