6227
6228
6229
6230
6231
6232
6233
6234
6235
6236
6237
6238
6239
6240
6243
6244
6245
6246
6249
6250
6251
6252
6253
6254
6261
6262
6289
6290
6292
6305
6306
6308
6321
6322
6323
6324
6325
6327
6328
6329
6330
6331
6332
6333
6334
6335
6336
6337
6338
6345
6346
7554
7555
7556
7557
7558
7559
7560
7561
7562
7563
7564
7565
7566
7567
7568
7581
7583
7584
7585
7586
7601
7602
7603
7604
7605
7606
7607
7608
7609
7610
7611
7612
7613
7614
8602
8603
8604
8625
8626
8627
8628
8629
8630
8631
8633
8634
8637
8638
8639
8641
8642
8643
8649
8650
8652
