9430
9432
9438
9440
10449
10450
10451
10452
10453
10454
10455
10456
10457
10458
10459
10460
10461
10462
10463
10464
10473
10474
10475
10476
10477
10478
10479
10480
10497
10498
10499
10500
10501
10502
10503
10504
10505
10507
11497
11498
11499
11500
11501
11502
11503
11504
11521
11522
11523
11524
11525
11526
11527
11528
11533
11536
11537
11538
11539
11540
11541
11542
11543
11544
11545
11546
11547
11548
11549
11550
11551
11552
12561
12562
12563
12564
12565
12566
12567
12568
12569
12570
12571
12572
12573
12574
12575
12576
12585
12586
12587
12588
12589
12590
12591
12592
12609
12610
12611
12612
12613
12614
12615
12616
12617
12619
