15953
15954
15955
15956
15957
15958
15959
15960
15961
15962
15963
15964
15965
15966
15967
15969
15970
15971
15972
15973
15974
15975
15976
15977
15978
15979
15980
15981
15982
15983
16049
16050
16051
16052
16053
16054
16055
16056
16057
16058
16059
16060
16061
16062
16063
16065
16066
16067
16068
16069
16070
16071
16072
16073
16074
16075
16076
16077
16078
16079
16081
16082
16083
16084
16085
16086
16087
16088
16089
16090
16091
16092
16093
16094
16095
16097
16098
16099
16100
16101
16102
16113
16114
16115
16116
16117
16118
16119
16120
16121
16122
16123
16124
16125
16126
16127
16129
16130
16131
16132
16133
16134
16135
16136
16137
16138
16139
16140
16141
16142
16143
16145
16146
16147
16153
16154
16156
16161
16162
16163
16164
16165
16166
16167
16168
16169
16170
16171
16172
16173
16174
16175
16177
16178
16179
16180
16181
16182
16183
16184
16185
16186
16187
16188
16189
16190
16191
16193
16194
16195
16196
16197
16199
16200
16209
16210
16211
16212
16213
16214
16215
16216
16217
16218
16219
16220
16221
16222
16223
16225
16226
16227
16228
16229
16230
16231
16232
16233
16234
16235
16236
16237
16238
16239
16241
16242
16243
16244
16247
16248
16257
16258
16259
16260
16261
16262
16263
16264
16265
16266
16267
16268
16269
16270
16271
16273
16274
16275
16281
16282
16284
16287
16609
16610
16611
16612
16613
16614
16615
16616
16617
16618
16619
16620
16621
16622
16623
16625
16626
16627
16633
16634
16636
16641
16642
16643
16644
16645
16646
16647
16648
16649
16650
16651
16652
16653
16654
16657
16658
16659
16660
16661
16662
16663
16664
16665
16666
16667
16668
16669
16670
16673
16674
16675
16676
16679
16680
16689
16690
16691
16692
16693
16694
16695
16696
16697
16698
16699
16700
16701
16702
16705
16706
16707
16708
16711
16712
