7054
7055
7056
7109
7111
7112
7120
7138
7139
7140
7141
7142
7143
7144
7146
7147
7148
7149
7150
7151
7152
13329
13330
13331
13332
13333
13334
13335
13336
13337
13338
13339
13340
13341
13342
13343
13344
13345
13348
13353
13354
13355
13356
13357
13358
13359
13360
13409
13410
13411
13412
13413
13414
13415
13416
14358
14360
14361
14362
14363
14364
14365
14366
14367
14368
14417
14418
14419
14420
14421
14422
14423
14424
14433
14434
14435
14436
14437
14438
14439
14440
14441
14442
14443
14444
14445
14446
14447
14448
15441
15442
15443
15444
15445
15446
15447
15448
15449
15450
15451
15452
15453
15454
15455
15456
15457
15460
15465
15466
15467
15468
15469
15470
15471
15472
15521
15522
15523
15524
15525
15526
15527
