5479
5480
5487
5488
5515
5516
5517
5518
5519
5520
5571
5572
5573
5574
5575
5576
5579
12809
12810
12811
12812
12813
12814
12815
12816
12833
12834
12835
12836
12837
12838
12839
12840
12845
12848
12849
12850
12851
12852
12853
12854
12855
12856
12857
12858
12859
12860
12861
12862
12863
12864
13873
13874
13875
13876
13877
13878
13879
13880
13881
13882
13883
13884
13885
13886
13887
13888
13897
13898
13899
13900
13901
13902
13903
13904
13921
13922
13923
13924
13925
13926
13927
13928
13929
13931
14918
14920
14921
14922
14923
14924
14925
14926
14927
14928
14945
14946
14947
14948
14949
14950
14951
14952
14957
14960
14961
14962
14963
14964
14965
14966
14967
14968
14969
14970
14971
14972
14973
14974
14975
14976
15206
15208
15214
15216
