8568
8576
8580
8581
8582
8583
8584
8587
8589
8590
8591
8592
9617
9618
9619
9620
9621
9622
9623
9624
9625
9626
9627
9628
9629
9630
9631
9632
9649
9650
9651
9652
9653
9654
9655
9656
9657
9659
10673
10674
10675
10676
10677
10678
10679
10680
10685
10688
10689
10690
10691
10692
10693
10694
10695
10696
10697
10698
10699
10700
10701
10702
10703
10704
11729
11730
11731
11732
11733
11734
11735
11736
11737
11738
11739
11740
11741
11742
11743
11744
11761
11762
11763
11764
11765
11766
11767
11768
11769
11771
