9048
9056
9060
9061
9063
9064
9067
9069
9070
9071
9072
9125
9126
9127
10066
10067
10068
10069
10070
10071
10072
10073
10074
10075
10076
10077
10078
10079
10080
10093
10095
10096
10129
10130
10132
10145
10146
10147
10148
10149
10150
10151
10152
10153
10154
10155
10156
10157
10158
10159
11098
11099
11100
11153
11154
11155
11156
11157
11158
11159
11160
11161
11162
11164
11165
11166
11167
11168
11169
11170
11171
11172
11173
11175
11176
11177
11178
11179
11180
11181
11182
11183
11184
11237
11238
11239
12178
12179
12180
12181
12182
12183
12184
12185
12186
12187
12188
12189
12190
12191
12192
12205
12207
12208
12241
12242
12244
12257
12258
12259
12260
12261
12262
12263
12264
12265
12266
12267
12268
12269
12270
12271
