7033
7034
7035
7036
7037
7038
7039
7040
7049
7050
7051
7052
7053
7089
7090
7091
7092
7093
7094
7095
7096
7101
7104
7105
7106
7107
7108
7110
7117
7121
7122
7123
7124
7125
7126
7127
7128
7129
7130
7131
7132
7133
7134
7135
7136
7137
7145
8337
8338
8339
8340
8341
8342
8343
8344
8345
8346
8347
8348
8349
8350
8351
8352
8361
8362
8363
8364
8365
8366
8367
8368
8385
8386
8387
8388
8389
8390
8391
8392
8393
8395
9385
9386
9387
9388
9389
9390
9391
9392
9409
9410
9411
9412
9413
9414
9415
9416
9421
9424
9425
9426
9427
9428
9429
9431
9433
9434
9435
9436
9437
9439
