6097
6098
6099
6100
6101
6102
6103
6104
6105
6106
6107
6108
6109
6110
6111
6112
6113
6114
6115
6116
6117
6118
6121
6122
6123
6124
6125
6126
6129
6130
6131
6132
6133
6134
6135
6136
6153
6154
6193
6196
6201
6202
6203
6204
6205
6206
6207
6208
6209
6210
6217
7622
7624
7625
7626
7627
7628
7629
7630
7631
7632
7649
7650
7651
7652
7653
7654
7655
7656
7665
7666
7667
7668
7669
7670
7671
7672
7673
7674
7675
7676
7677
7678
7679
7680
8689
8690
8691
8692
8693
8694
8695
8697
8698
8699
8700
8701
8702
8703
8705
8713
8714
8716
8737
8738
8739
