5850
5851
5852
5866
5867
5868
5905
5906
5907
5908
5909
5910
5911
5912
5913
5914
5917
5918
5919
5920
5921
5922
5923
5924
5925
5926
5929
5930
5933
5934
5937
5938
5939
5940
5941
5942
5943
5944
5945
5946
5947
5948
5949
5950
5951
5953
5954
5961
5962
6015
6016
7723
7724
7745
7746
7747
7748
7749
7750
7751
7752
7753
7754
7756
7757
7758
7759
7760
7761
7762
7763
7764
7767
7768
7769
7770
7771
7772
7773
7774
7775
7776
7797
7798
7799
8787
8788
8789
8790
8791
8793
8794
8795
8796
8797
8798
8799
8817
8818
8820
8833
8834
8835
8841
8842
8844
