6478
6479
6533
6535
6536
6542
6543
6544
6562
6563
6564
6565
6566
6567
6568
6570
6571
6572
6573
6574
6575
6576
6640
13755
13777
13778
13779
13780
13781
13782
13783
13784
13785
13786
13787
13788
13789
13790
13791
13792
13793
13794
13795
13796
13800
13801
13802
13803
13804
13805
13806
13807
13808
13826
13827
13829
13830
13831
13832
14819
14821
14822
14823
14824
14825
14826
14827
14828
14829
14830
14831
14832
14848
14849
14850
14851
14852
14853
14855
14865
14866
14867
14868
14869
14870
14871
14872
14873
14874
14875
14876
14877
14878
14879
14880
15867
15889
15890
15891
15892
15893
15894
15895
15896
15897
15898
15899
15900
15901
15902
15903
15904
15905
15906
15907
15908
15912
15913
15914
15915
15916
15917
15918
15919
15920
15938
15939
15941
15942
15943
15944
