6376
6383
6384
6435
6436
6437
6438
6439
6440
6443
6444
6445
6446
6447
6448
13617
13618
13619
13620
13621
13622
13623
13624
13625
13626
13627
13628
13629
13630
13631
13632
13633
13636
13641
13642
13643
13644
13645
13646
13647
13648
14646
14648
14649
14650
14651
14652
14653
14654
14655
14656
14705
14706
14707
14708
14709
14710
14711
14712
14713
14714
14715
14716
14717
14718
14719
14720
15729
15730
15731
15732
15733
15734
15735
15736
15737
15738
15739
15740
15741
15742
15743
15744
15745
15748
15753
15754
15755
15756
15757
15758
15759
15760
