9566
9568
9590
9592
10582
10584
10585
10586
10587
10588
10589
10590
10591
10592
10609
10610
10611
10612
10613
10614
10615
10616
10625
10626
10627
10628
10629
10630
10631
10632
10633
10634
10635
10636
10637
10638
10639
10640
11649
11650
11651
11652
11653
11654
11655
11656
11657
11658
11659
11660
11661
11662
11663
11664
11665
11668
11673
11674
11675
11676
11677
11678
11679
11680
11697
11698
11699
11700
11701
11702
11703
11704
12694
12696
12697
12698
12699
12700
12701
12702
12703
12704
12721
12722
12723
12724
12725
12726
12727
12728
12737
12738
12739
12740
12741
12742
12743
12744
12745
12746
12747
12748
12749
12750
12751
12752
