5415
5416
5423
5424
5443
5444
5445
5447
5448
5451
5452
5453
5454
5455
5456
5507
5508
5509
5510
5511
5512
12786
12787
12788
12789
12790
12791
12792
12793
12794
12795
12796
12797
12798
12799
12800
12801
12802
12803
12804
12805
12806
12807
12808
12817
12818
12819
12820
12821
12822
12823
12824
12825
12826
12827
12828
12829
12830
12831
12832
13841
13842
13843
13844
13845
13846
13847
13848
13849
13850
13851
13852
13853
13854
13855
13856
13857
13858
13859
13860
13861
13863
13864
13865
13866
13867
13868
13869
13870
13871
13872
13889
13890
13891
13892
13893
13894
13895
13896
14898
14899
14900
14901
14902
14903
14904
14905
14906
14907
14908
14909
14910
14911
14912
14913
14914
14915
14916
14917
14919
14929
14930
14931
14932
14933
14934
14935
14936
14937
14938
14939
14940
14941
14942
14943
14944
15142
15144
15150
15152
