7227
7243
7281
7282
7283
7284
7285
7286
7287
7288
7289
7290
7291
7292
7293
7294
7295
7296
7297
7298
7299
7300
7302
7305
7306
7307
7308
7309
7313
7314
7315
7316
7320
7321
7322
7323
7324
7325
7326
7327
7328
7329
7337
7378
7379
7381
7382
7383
7384
8435
8437
8438
8439
8440
8441
8442
8443
8444
8445
8446
8447
8448
8464
8465
8466
8467
8468
8469
8471
8481
8482
8483
8484
8485
8486
8487
8488
8489
8490
8491
8492
8493
8494
8495
8496
9483
9505
9506
9507
9508
9509
9510
9511
9512
9513
9514
9515
9516
9517
9518
9519
9520
9521
9522
9523
9524
9529
9530
9531
9532
9533
9535
9554
9555
9557
9559
