7345
7346
7347
7348
7349
7350
7351
7352
7353
7354
7355
7356
7357
7358
7359
7360
7361
7362
7363
7364
7366
7369
7370
7371
7372
7373
7377
7380
7385
7386
7387
7388
7389
7390
7391
7392
7393
7401
7441
7442
7443
7444
7445
7446
7447
7448
7465
8470
8472
8473
8474
8475
8476
8477
8478
8479
8480
8497
8498
8499
8500
8501
8502
8503
8504
8513
8514
8515
8516
8517
8518
8519
8520
8521
8522
8523
8524
8525
8526
8527
8528
9537
9538
9539
9540
9541
9542
9543
9544
9545
9546
9547
9548
9549
9550
9551
9552
9553
9556
9561
9562
9563
9564
9565
9567
9585
9586
9587
9588
9589
9591
