5393
5394
5395
5396
5397
5398
5399
5400
5401
5402
5403
5404
5405
5406
5407
5408
5409
5410
5411
5412
5413
5414
5417
5418
5419
5420
5421
5422
5425
5426
5427
5428
5429
5430
5431
5432
5433
5434
5435
5436
5437
5438
5439
5441
5442
5449
5450
5497
5498
5499
5500
5501
5502
5503
5504
5505
5506
8153
8154
8155
8156
8157
8158
8159
8160
8209
8210
8211
8212
8213
8214
8215
8216
8217
8218
8220
8221
8222
8223
8224
8225
8226
8227
8228
8229
8230
8231
8232
8233
8234
8235
8236
8237
8238
8239
8240
9233
9234
9235
9236
9237
9238
9239
9241
9242
9243
9244
9245
9246
9247
9257
9258
9260
9297
9298
9299
9305
9306
9308
