7097
7098
7099
7100
7102
7103
7113
7114
7115
7116
7153
7154
7155
7156
7157
7158
7159
7160
7161
7165
7166
7167
7168
7169
7170
7171
7172
7174
7177
7181
7185
7186
7187
7188
7189
7190
7191
7192
7193
7194
7195
7196
7197
7198
7199
7200
7201
7209
7254
8369
8370
8371
8372
8373
8374
8375
8376
8377
8378
8379
8380
8381
8382
8383
8384
8394
8396
8397
8398
8399
8400
8401
8417
8418
8419
8420
8421
8422
8423
8424
8425
8426
8427
8428
8430
9417
9418
9419
9420
9422
9423
9441
9442
9443
9444
9445
9446
9447
9448
9449
9453
9454
9455
9456
9457
9458
9459
9460
9461
9463
9465
9466
9467
9468
9469
9471
