9344
9366
9368
9374
10363
10364
10385
10386
10387
10388
10389
10390
10391
10392
10393
10394
10396
10397
10398
10399
10400
10401
10402
10403
10404
10407
10408
10409
10410
10411
10412
10413
10414
10415
10416
10437
10438
10439
11427
11428
11429
11430
11431
11432
11433
11434
11435
11436
11437
11438
11439
11440
11455
11456
11457
11458
11460
11473
11474
11475
11476
11477
11478
11479
11480
11481
11482
11483
11484
11485
11486
11487
12475
12476
12497
12498
12499
12500
12501
12502
12503
12504
12505
12506
12508
12509
12510
12511
12512
12513
12514
12515
12516
12519
12520
12521
12522
12523
12524
12525
12526
12527
12528
12549
12550
12551
