7409
7410
7411
7412
7413
7414
7415
7416
7417
7418
7419
7420
7421
7422
7423
7424
7425
7426
7427
7428
7430
7433
7434
7435
7436
7437
7449
7450
7451
7452
7453
7454
7455
7456
7457
7473
7474
7475
7476
7477
7478
7479
7480
7481
7482
7483
7484
7485
7486
7487
7489
7497
8505
8506
8507
8508
8509
8510
8511
8512
8529
8530
8531
8532
8533
8534
8535
8536
8537
8538
8540
8541
8542
8543
8544
8545
8546
8547
8548
8549
8550
8551
8552
8553
8554
8555
8556
8557
8558
8559
8560
9569
9570
9571
9572
9573
9574
9575
9576
9577
9578
9579
9580
9581
9582
9583
9584
9593
9594
9595
9596
9597
9599
9601
9602
9603
9604
9605
9607
9609
9610
9611
9612
9613
9615
