7529,142,17,1,0,0,0,0,0,0,0,0,0,0,0,186,24,3,0,0,0,0,0,0,0,0,0,0,0,0,0,0,0,0,0,0,0,0,0,0,0,0,0,0,0,0,0,0,0,0,0,0,0,0,0,0,0,0,0,0,6,0,0,1,0,6,0,0,0,0,0,0,0,0,0,354,7,6,2,0,0,0,0,0,0,0,0,0,0,0,0,0,0,0
1745,1218,2979,61,1,3,0,0,0,0,0,0,0,0,0,198,90,205,7,0,1,0,1,0,0,0,0,0,0,0,7,0,2,0,0,0,0,0,0,0,0,0,0,0,0,1,0,0,0,0,0,0,0,0,0,0,0,0,0,0,9,1,2,2,0,5,0,0,0,0,0,0,0,0,0,173,472,175,19,1,0,0,0,0,0,0,0,0,0,0,0,0,0,0
237,729,5642,539,9,28,1,1,1,0,0,0,0,0,0,35,27,334,63,14,6,1,0,0,0,0,0,0,0,0,4,0,1,1,1,1,0,0,0,0,0,0,0,0,0,1,0,0,0,0,0,0,0,0,0,0,0,0,0,0,1,0,2,1,0,4,2,0,0,0,0,0,0,0,0,81,111,367,65,9,11,0,0,0,0,0,0,0,0,0,0,0,0,0
78,37,213,7193,167,71,5,2,1,0,0,0,0,0,0,21,7,42,357,150,9,3,1,1,0,0,0,0,0,0,1,1,1,0,0,0,1,0,0,0,0,0,0,0,0,0,1,0,1,0,0,1,0,0,0,0,0,0,0,0,2,0,0,6,1,5,3,0,2,1,0,0,0,0,0,38,17,64,455,172,24,7,0,1,0,0,0,0,0,0,0,0,0,0
149,47,252,2518,428,3115,117,32,9,2,0,0,0,1,0,25,13,51,274,90,244,53,7,3,2,1,1,0,0,0,1,2,3,2,0,3,0,1,0,0,0,0,0,0,0,4,0,4,3,0,0,3,1,0,0,0,0,0,0,0,4,2,5,6,0,7,2,0,2,7,0,3,0,0,0,51,25,71,265,41,351,66,3,9,1,0,0,0,0,0,0,0,0,0
51,17,70,254,174,6808,152,30,12,4,1,0,0,0,0,11,4,28,42,29,580,229,12,2,1,2,0,0,0,0,3,0,0,4,0,0,2,0,0,1,0,0,0,0,0,0,0,0,0,0,3,0,1,1,0,1,0,0,0,0,5,0,4,10,0,8,3,0,3,3,0,0,0,0,0,13,10,34,82,17,332,175,7,5,0,0,1,0,0,0,0,0,0,0
34,8,51,104,17,452,5766,1197,115,13,11,0,0,1,0,10,4,17,27,13,101,216,134,23,3,2,2,0,0,0,1,0,2,3,0,6,0,4,1,0,0,0,0,0,0,3,0,0,0,0,0,1,1,2,0,0,0,1,0,0,4,1,5,7,2,6,12,0,1,4,0,5,0,2,0,12,5,25,46,14,91,527,50,46,4,3,2,2,2,0,0,0,0,0
36,9,52,128,16,265,2735,1711,1917,58,59,29,1,1,0,12,1,12,35,8,51,193,367,221,10,21,8,0,3,0,18,6,3,2,2,5,6,2,2,0,2,0,1,0,0,19,0,1,2,0,2,0,1,0,0,0,0,0,0,0,2,2,2,3,1,4,15,1,8,9,3,8,0,3,2,17,5,36,59,10,113,247,173,190,29,16,19,2,3,0,0,0,0,0
9,3,16,32,4,55,125,296,7529,40,41,16,1,1,0,1,1,1,9,1,12,19,15,302,8,16,1,0,0,0,29,3,1,0,0,0,1,0,3,0,0,0,0,1,0,143,0,0,0,0,0,2,0,1,2,0,0,0,0,0,1,0,2,0,0,0,5,0,6,5,0,4,0,5,0,2,1,7,11,4,22,51,270,363,18,13,4,0,3,0,0,0,0,0
9,3,26,49,3,95,183,101,1387,3333,1416,236,4,39,6,5,2,8,17,3,21,39,29,204,140,335,41,2,7,1,17,193,1,3,1,4,5,1,11,0,5,4,0,0,0,43,0,0,0,4,2,1,1,1,2,1,1,1,1,0,0,1,3,2,0,10,11,2,12,9,3,8,2,10,3,4,2,8,16,2,38,79,35,179,232,110,299,7,20,4,0,0,0,0
9,3,14,41,3,59,112,47,312,728,4684,952,18,74,16,4,2,5,19,6,14,29,14,76,72,515,167,1,18,6,4,33,0,15,0,3,3,3,3,4,5,8,1,4,1,10,0,0,3,5,3,5,0,3,3,0,0,0,2,0,2,0,1,4,0,11,7,1,6,4,5,7,0,6,2,3,1,8,21,6,23,46,17,112,305,145,174,11,45,7,0,0,0,0
2,1,11,5,1,12,17,10,48,66,115,7321,24,121,25,5,0,1,0,1,6,4,5,15,4,29,459,3,21,3,0,1,0,124,1,0,1,1,3,0,0,2,0,1,0,1,0,0,1,9,0,5,0,4,0,1,1,0,0,0,0,0,0,1,1,0,2,1,5,2,6,5,1,3,3,0,0,1,4,2,5,9,4,18,37,35,644,20,167,11,0,0,0,0
9,2,8,10,2,24,46,18,109,105,182,2129,654,2809,108,0,1,2,4,1,9,15,3,29,21,49,323,41,233,31,2,4,1,62,47,0,9,2,3,2,5,5,3,5,7,1,0,0,0,243,1,7,1,0,4,0,3,1,1,2,1,1,0,2,0,3,5,0,6,3,4,10,4,6,13,1,3,4,3,0,6,16,10,40,48,57,449,55,449,71,0,0,0,0
2,1,1,3,0,10,12,8,42,19,44,205,537,6546,150,0,0,3,4,0,2,4,5,10,7,20,48,19,308,41,1,1,0,2,6,1,13,0,2,0,1,4,3,7,1,1,0,0,1,139,0,4,1,0,1,0,3,0,3,2,2,0,0,1,0,0,3,1,9,4,2,7,1,7,20,1,0,0,4,0,8,7,4,8,18,20,98,50,463,260,0,0,0,0
2,0,2,8,2,4,8,3,21,16,27,128,43,410,4541,2,0,0,4,0,6,3,3,4,0,18,27,7,86,525,0,1,0,4,1,1,205,0,2,2,0,1,0,1,4,0,0,1,0,4,0,137,0,1,1,1,2,1,3,2,1,0,0,0,0,1,2,0,0,2,0,2,1,3,349,0,0,1,2,0,1,7,1,4,6,7,39,19,89,466,0,0,0,0
591,3,4,1,0,0,0,0,0,0,0,0,0,0,0,6967,249,20,0,0,0,0,0,0,1,0,0,0,0,0,290,3,3,0,0,0,0,0,0,0,0,0,0,0,0,0,0,0,0,0,0,0,0,0,0,0,0,0,0,0,1,0,0,0,0,0,0,0,0,0,0,0,0,0,0,3,0,0,0,0,0,0,0,0,0,0,0,0,0,0,0,0,0,0
264,88,400,33,0,1,1,0,0,0,0,0,0,0,0,1684,1385,2826,49,3,3,2,0,0,3,0,4,0,0,0,229,45,255,7,1,2,0,0,0,0,0,0,0,0,0,3,0,0,1,0,0,0,0,0,0,0,0,0,0,0,2,0,2,0,0,0,0,0,0,0,0,0,0,0,0,10,1,1,1,0,0,1,0,0,0,0,0,0,0,0,0,0,0,0
123,75,418,99,1,13,1,0,1,0,0,1,0,0,0,235,613,5713,483,25,13,2,1,0,2,0,13,0,0,0,59,23,325,94,3,8,1,1,0,0,0,0,0,0,0,2,0,0,3,0,0,0,0,0,0,0,0,0,0,0,0,0,0,1,0,0,0,0,0,0,0,0,0,0,0,3,0,2,2,2,2,0,0,0,0,0,0,0,0,0,0,0,0,0
36,12,65,671,2,28,4,0,0,0,0,0,0,0,0,77,34,199,7178,379,59,9,3,2,0,0,3,2,0,0,15,8,47,299,5,8,0,0,0,0,0,0,0,0,0,3,0,2,3,0,1,0,0,0,0,0,0,0,0,0,0,0,0,0,0,4,0,0,0,0,0,0,0,0,0,5,1,1,6,0,0,1,1,0,0,0,0,0,0,0,0,0,0,0
74,20,122,376,11,375,48,12,10,2,1,1,0,0,0,118,45,205,2435,651,2868,138,38,15,0,3,3,0,0,0,31,7,61,304,49,294,30,9,7,1,0,0,0,0,0,6,2,2,8,0,2,2,0,1,0,0,0,0,0,0,2,1,1,1,0,1,1,0,0,1,1,0,0,0,0,10,6,6,10,2,9,6,2,0,0,0,0,0,0,0,0,0,0,0
23,9,35,88,7,475,40,10,4,0,1,0,0,0,0,27,15,102,225,334,6979,319,19,13,2,1,0,0,1,3,21,1,24,49,11,331,30,6,6,0,0,1,0,0,0,1,0,1,2,0,2,3,0,1,0,0,0,0,0,0,1,0,1,0,0,0,0,0,0,0,0,0,0,0,0,3,1,4,9,2,5,2,2,0,0,0,0,0,0,0,0,0,0,0
14,6,18,55,6,102,539,159,52,8,4,4,0,2,0,14,17,47,109,32,416,5616,1372,110,10,11,8,0,1,1,11,3,12,31,8,91,271,57,30,3,4,3,0,0,0,1,0,1,2,0,2,2,1,1,0,0,0,0,0,0,0,0,1,0,0,3,1,0,2,0,0,0,0,1,0,3,0,3,6,2,6,10,2,5,3,0,0,0,0,0,0,0,0,0
32,4,30,65,7,113,323,143,322,33,26,10,0,4,2,25,5,46,98,12,262,2520,1884,1926,67,61,21,2,6,1,47,9,13,31,7,75,235,143,263,19,15,6,2,2,0,6,0,2,2,0,2,8,1,3,0,3,0,0,0,0,2,2,0,3,0,3,3,0,6,4,0,0,1,0,1,4,2,2,7,1,6,10,4,10,3,1,0,0,2,1,0,0,0,0
8,3,5,19,1,20,53,27,671,25,23,9,0,3,0,15,5,10,26,4,50,112,55,7509,29,36,12,1,1,1,302,4,4,12,0,12,25,8,356,9,8,7,0,2,0,3,0,1,1,0,1,5,0,0,1,0,0,0,0,1,3,0,0,0,0,2,1,0,1,0,0,1,0,0,0,0,0,1,8,0,1,8,1,5,2,1,0,0,1,0,0,0,0,0
13,4,17,15,1,44,93,38,269,372,181,87,3,17,1,15,2,24,33,9,84,172,70,1342,3015,1624,201,8,30,4,53,317,8,23,7,26,43,22,268,246,135,48,5,17,4,3,0,0,5,0,4,10,1,5,2,4,3,0,5,2,1,1,1,1,0,2,2,1,6,0,1,5,0,2,0,1,1,2,6,2,5,9,4,10,5,7,14,3,0,1,0,0,0,0
8,0,6,15,2,34,51,28,101,120,274,158,6,35,3,5,1,16,27,4,54,81,47,327,713,4885,960,14,80,10,16,55,5,29,9,20,39,11,86,119,326,198,3,27,3,4,0,0,1,2,3,5,2,9,1,3,2,0,2,1,1,1,0,1,0,0,1,1,3,2,1,2,0,2,0,2,2,2,1,0,7,5,5,5,8,5,10,1,5,2,0,0,0,0
0,1,2,9,1,4,10,7,37,23,36,611,13,58,7,4,1,6,10,2,13,20,12,69,47,127,7509,28,110,14,3,5,2,128,8,6,19,2,18,10,34,364,8,23,6,3,0,0,0,0,0,1,0,1,0,2,3,0,3,2,0,0,0,0,0,1,2,0,0,0,1,1,0,1,0,1,0,0,0,0,1,3,0,2,1,3,19,0,5,3,0,0,0,0
5,0,3,12,1,11,21,6,43,36,60,268,127,277,48,4,2,6,12,3,34,49,19,112,70,173,2260,832,2658,135,4,6,2,61,227,12,21,10,28,26,44,384,133,297,36,0,0,2,1,5,0,5,0,3,1,3,6,1,7,2,0,0,0,0,0,0,3,0,2,1,0,0,0,1,2,1,0,0,4,1,2,7,0,4,1,7,15,3,8,4,0,0,0,0
1,1,2,6,0,5,9,3,24,13,13,87,120,443,28,2,0,2,4,0,11,10,8,46,27,56,256,673,6266,192,2,3,1,11,173,4,11,3,17,9,16,61,55,356,44,0,0,1,0,6,0,0,1,3,0,1,3,0,2,3,1,0,0,0,0,0,0,0,1,1,0,3,0,0,2,0,1,0,0,0,0,0,1,2,2,0,6,2,7,4,0,0,0,0
0,0,0,1,0,1,5,3,9,8,12,40,17,85,559,1,0,0,5,1,3,5,6,16,12,27,111,51,411,4980,1,2,0,5,14,3,273,0,9,9,8,28,14,81,220,0,0,0,0,2,0,3,0,2,1,2,1,1,3,0,0,0,0,1,1,0,0,1,2,1,0,2,1,0,2,0,0,0,1,1,0,1,0,2,1,0,7,1,7,5,0,0,0,0
4,0,1,1,0,0,0,0,0,1,0,0,0,0,0,262,6,8,0,0,0,0,0,0,226,0,0,0,0,0,7180,11,19,1,0,1,0,0,0,0,0,0,0,0,0,483,0,5,0,0,0,0,0,0,0,0,0,0,0,0,1,0,0,0,0,0,0,0,0,0,0,0,0,0,0,1,0,0,0,0,0,0,0,0,0,0,0,0,0,0,0,0,0,0
9,1,5,0,0,0,0,0,0,0,0,3,0,0,0,202,34,298,19,1,4,0,0,0,36,0,36,2,0,0,1753,1805,2344,57,1,6,1,0,1,0,1,0,0,0,0,265,42,459,10,0,1,0,0,0,0,0,0,0,0,0,4,0,0,0,0,0,0,0,0,0,0,0,0,0,0,2,0,0,0,0,0,0,0,0,0,0,0,0,0,0,0,0,0,0
3,0,2,1,0,1,0,0,0,0,0,2,0,0,0,83,14,252,80,1,8,0,0,0,2,0,379,14,0,1,233,673,5682,525,11,15,1,0,0,0,0,0,0,0,0,49,25,284,80,0,10,1,0,0,0,0,0,0,0,0,6,0,0,2,0,1,0,0,0,0,0,0,0,0,0,1,0,1,1,0,0,0,0,0,0,0,0,0,0,0,0,0,0,0
3,2,5,7,0,0,1,0,0,1,0,1,0,0,0,36,9,46,358,5,33,1,1,2,1,0,13,172,0,2,62,33,210,7045,276,54,6,2,1,0,0,0,0,0,0,15,3,40,628,0,11,1,0,1,0,0,0,0,0,0,1,0,1,0,1,2,0,0,0,0,0,0,0,0,0,4,0,0,1,0,0,1,0,0,0,0,0,0,0,0,0,0,0,0
10,3,11,15,1,7,7,2,2,1,0,1,0,0,0,45,12,79,282,18,322,37,11,7,3,1,15,38,0,31,112,51,214,2336,796,2713,119,33,14,1,0,1,0,1,0,45,5,59,338,6,465,27,8,6,0,0,0,0,0,0,4,1,0,3,2,4,1,0,2,1,0,0,0,0,0,4,0,2,1,0,4,0,0,0,0,0,0,0,0,0,0,0,0,0
3,0,4,2,0,8,2,0,0,0,2,1,0,0,0,22,5,21,91,14,329,34,10,4,1,0,4,7,0,206,34,24,74,227,331,7002,160,33,9,3,2,0,0,0,0,12,2,12,49,5,451,31,5,5,0,0,0,0,0,0,3,0,1,4,1,1,0,0,1,0,0,0,0,0,0,0,0,0,0,1,1,4,0,0,0,1,0,0,0,0,0,0,0,0
4,1,4,10,1,10,3,0,5,0,1,1,0,0,0,13,5,15,35,6,81,329,101,51,3,5,5,5,0,18,27,9,51,103,38,472,5537,1348,137,12,10,12,1,6,0,8,0,12,17,3,113,527,35,27,0,3,2,0,0,0,1,2,0,1,1,4,6,1,1,0,0,0,0,0,0,0,0,0,1,0,1,1,1,1,0,0,1,0,0,0,0,0,0,0
3,1,4,11,2,11,15,3,6,2,3,5,0,0,0,18,6,15,59,6,91,241,175,235,20,27,15,2,1,14,39,11,40,119,27,255,2583,1774,2043,96,86,18,2,7,2,12,3,15,37,1,64,364,83,250,16,16,5,1,3,0,3,2,1,3,0,6,7,3,5,2,1,4,0,0,0,1,1,1,2,0,2,5,2,1,0,0,1,0,0,0,0,0,0,0
1,0,1,6,0,3,5,1,10,1,0,1,0,2,0,6,1,11,12,4,31,60,14,334,14,16,9,1,1,2,14,9,17,29,7,59,134,51,7649,316,52,13,3,2,0,2,0,3,13,0,15,27,6,501,10,6,6,0,1,0,0,0,3,1,0,2,2,0,1,0,0,0,0,0,0,0,0,2,0,0,1,1,0,1,1,1,0,0,1,1,0,0,0,0
1,1,2,4,0,2,13,3,14,6,12,8,1,1,1,3,2,12,22,1,41,63,20,179,187,159,70,7,18,9,19,5,14,65,7,77,174,80,1387,3529,1700,212,14,30,8,9,2,7,19,0,32,49,26,274,217,152,46,2,12,2,0,0,3,2,0,2,7,2,3,8,5,3,0,0,1,0,0,1,2,0,2,3,1,2,3,0,3,0,1,0,0,0,0,0
0,0,1,2,1,7,12,3,12,3,3,4,0,2,0,4,1,5,11,2,27,42,18,122,90,220,141,6,20,4,15,3,18,27,8,49,95,38,299,711,5170,945,29,65,15,5,0,5,10,1,19,34,12,77,102,340,166,7,31,1,1,0,2,0,0,1,1,2,4,3,3,2,1,0,1,1,1,0,1,0,1,2,0,2,0,3,4,0,1,2,0,0,0,0
1,1,2,0,0,0,4,0,5,2,4,8,3,1,0,0,0,5,3,1,8,7,3,19,13,33,354,14,50,9,4,3,6,10,4,17,16,9,52,60,380,7492,140,135,18,3,1,1,1,1,4,4,4,15,11,19,484,5,22,4,1,1,0,0,0,2,0,1,2,0,1,4,0,0,0,0,0,0,0,0,0,1,0,1,0,1,2,0,0,0,0,0,0,0
5,1,1,2,1,2,2,4,7,4,5,7,2,9,5,2,0,2,9,0,10,19,10,35,32,62,242,99,218,43,11,5,6,19,12,28,39,18,110,67,223,2397,903,2915,127,4,1,4,5,1,10,21,5,44,20,39,275,39,389,28,0,0,0,1,0,1,0,2,2,5,1,1,1,0,0,1,0,0,2,0,1,1,1,4,0,0,5,0,5,4,0,0,0,0
5,0,0,2,0,1,0,4,3,2,10,11,2,7,0,0,0,2,4,0,4,4,3,25,10,37,81,50,276,41,2,2,0,9,6,9,15,7,56,30,52,275,711,6294,185,2,0,0,4,0,6,5,2,11,6,11,52,19,753,22,1,1,0,1,0,1,2,0,2,2,0,2,0,1,1,0,0,0,1,0,0,3,0,1,0,1,4,1,2,0,0,0,0,0
34,0,0,0,0,0,0,0,4,1,0,7,1,5,3,1,0,0,3,0,3,2,2,8,3,12,35,7,70,189,2,0,0,5,2,10,16,2,12,10,29,111,50,414,5337,0,0,0,2,0,1,6,1,6,4,7,25,12,118,225,0,0,0,0,0,2,0,0,1,1,2,3,1,4,2,0,0,1,0,0,1,1,0,0,1,1,2,0,1,0,0,0,0,0
0,0,0,0,0,0,0,0,0,145,0,0,0,0,0,4,0,1,0,0,0,0,0,0,23,0,0,0,0,0,407,4,7,0,0,0,0,0,0,0,0,0,0,0,0,7237,3,11,0,0,1,0,0,0,0,0,0,0,0,0,363,4,2,0,0,0,0,0,0,0,0,0,0,0,0,3,0,0,0,0,0,0,0,0,0,0,0,0,0,0,0,0,0,0
0,0,0,1,0,0,0,0,0,24,0,33,0,0,0,5,0,2,1,0,0,0,0,0,12,0,4,1,0,1,227,393,180,20,2,0,0,0,0,0,0,0,0,0,0,1762,551,3059,51,1,1,0,0,0,0,0,0,0,0,0,243,365,349,7,1,2,0,0,0,0,0,0,0,0,0,3,0,2,0,0,1,0,0,0,0,0,0,0,0,0,0,0,0,0
2,0,0,0,0,0,0,0,0,7,0,347,0,0,0,6,1,4,1,0,1,0,0,0,5,0,22,10,0,0,92,101,430,65,3,6,3,0,0,0,0,0,0,0,0,269,588,5270,466,3,30,5,1,1,0,0,0,0,0,0,47,168,196,67,4,2,2,0,0,0,0,0,0,0,0,1,1,2,0,0,1,0,0,0,0,0,0,0,0,0,0,0,0,0
1,0,2,0,0,0,0,0,0,1,0,11,0,0,0,3,2,4,2,0,1,0,0,0,0,0,5,167,0,3,26,16,52,609,10,21,4,1,0,0,0,0,0,0,0,77,14,185,6887,136,83,13,2,0,0,0,0,0,0,0,17,9,33,481,129,10,2,0,0,0,0,0,0,0,0,4,1,1,1,1,0,0,0,0,0,0,0,0,0,0,0,0,0,0
2,0,0,0,0,0,2,0,1,3,0,18,0,0,0,7,0,11,14,1,8,2,1,1,5,0,7,28,0,37,61,26,82,336,38,240,45,12,2,1,0,0,0,0,0,135,22,258,2340,331,3116,112,20,12,3,4,0,0,1,0,27,18,51,376,78,281,22,5,5,2,0,0,0,0,0,22,3,3,1,0,4,0,0,0,0,0,0,0,0,0,0,0,0,0
1,0,0,1,0,1,1,0,0,1,0,6,0,0,0,3,1,3,6,1,3,1,2,3,1,0,2,5,0,262,22,5,38,95,24,418,24,11,3,1,2,1,0,0,0,45,10,90,214,181,7000,168,31,7,0,1,0,0,0,0,9,16,16,45,13,301,31,6,4,0,0,0,0,0,0,7,1,1,0,0,3,1,0,0,0,0,0,0,0,0,0,0,0,0
2,0,0,0,0,2,1,0,2,0,0,1,0,0,0,3,1,4,2,0,8,6,2,2,2,2,1,1,0,15,12,8,22,44,9,99,354,115,44,4,7,2,1,0,0,23,7,49,117,12,489,5843,1159,137,16,11,4,0,0,0,6,4,14,38,2,88,257,34,32,2,4,0,0,0,0,4,7,0,4,0,6,3,0,4,0,0,0,0,0,0,0,0,0,0
1,0,3,0,0,2,2,1,1,2,0,4,0,0,0,3,1,5,5,2,8,11,8,12,2,3,4,2,1,12,21,6,28,66,13,144,192,126,295,44,34,12,3,6,0,30,7,42,127,13,270,2907,1353,1838,112,60,30,2,6,1,9,5,15,42,4,52,292,193,345,25,12,9,1,4,0,4,21,6,5,0,8,4,0,3,0,1,1,0,0,0,0,0,0,0
2,0,0,0,0,0,1,0,0,1,1,0,0,0,0,2,0,0,3,0,2,1,6,4,2,1,1,1,1,2,9,3,5,17,8,28,49,29,438,24,29,6,0,3,0,14,4,13,40,4,54,149,39,7331,237,30,14,1,6,0,2,0,4,10,3,17,30,181,570,17,8,4,3,0,0,1,2,0,3,0,2,0,1,1,0,2,1,0,1,0,0,0,0,0
1,0,0,1,0,1,1,1,3,1,1,4,0,2,0,2,0,1,3,0,7,7,2,8,4,4,3,3,1,7,7,3,11,20,5,40,60,27,178,297,549,75,12,8,1,20,3,22,58,5,89,197,66,1425,3415,1275,202,13,38,5,2,3,11,17,3,38,38,36,239,240,121,41,4,4,3,2,2,0,10,4,5,10,2,10,4,2,4,2,0,1,0,0,0,0
2,0,1,2,0,2,5,0,1,2,1,2,0,1,2,2,1,1,4,0,3,7,1,9,6,3,7,2,2,6,3,2,12,15,2,27,54,19,112,236,290,152,16,27,5,7,0,16,36,1,56,131,29,301,620,4560,958,22,78,15,5,3,10,13,1,32,29,7,83,394,366,150,16,12,1,3,1,0,2,4,3,14,1,3,7,0,3,1,1,1,0,0,0,0
4,0,0,1,0,0,0,0,0,1,1,0,0,0,1,0,0,0,0,1,0,2,1,5,0,0,3,2,8,3,4,1,3,5,1,9,10,3,22,23,57,662,152,47,4,5,1,5,13,3,11,32,4,52,40,101,7297,34,120,16,0,1,0,0,0,6,6,6,18,18,25,440,155,23,1,0,0,0,0,0,1,12,2,0,0,1,2,0,1,0,0,0,0,0
11,0,0,2,0,0,0,0,4,0,2,8,0,1,2,0,0,0,2,1,2,5,4,6,0,8,7,1,9,2,2,0,6,1,3,12,17,7,43,39,77,358,128,348,45,3,0,6,26,0,25,43,15,99,81,163,2056,1198,2743,108,2,0,0,12,1,13,23,6,43,34,43,291,195,216,20,3,1,1,0,2,0,16,0,12,3,1,4,1,2,1,0,0,0,0
12,0,0,1,0,0,1,1,1,0,0,2,0,3,1,0,0,0,0,0,1,5,2,4,2,3,8,3,7,1,1,0,1,6,2,5,7,6,21,24,33,114,40,307,38,3,0,4,7,0,14,13,11,38,27,63,245,851,6381,186,1,1,3,1,0,5,6,2,13,6,13,52,31,399,38,5,1,0,1,1,0,6,0,12,1,3,4,2,2,1,0,0,0,0
260,0,0,1,0,1,0,0,0,0,0,0,0,0,1,0,0,1,1,0,1,0,1,0,0,2,2,0,5,4,0,0,3,2,1,3,6,0,14,11,23,41,16,97,444,1,0,2,4,0,5,6,2,20,13,20,91,51,473,5033,0,0,1,0,0,0,5,3,6,1,4,15,13,259,252,145,0,0,1,0,1,0,0,4,1,1,2,1,3,3,0,0,0,0
1,0,0,0,0,0,0,0,0,0,0,0,0,0,0,0,0,0,0,0,0,0,0,0,0,0,1,0,0,0,2,1,1,0,0,0,0,0,0,0,0,0,0,0,0,601,1,8,0,0,0,0,0,0,0,0,0,0,0,0,6825,229,23,3,0,2,0,0,0,0,0,0,0,0,0,334,7,3,0,0,0,0,0,0,0,0,0,0,0,0,0,0,0,0
2,0,1,1,0,0,0,0,0,2,0,5,0,0,0,1,0,0,0,0,0,0,0,0,0,0,0,1,0,0,10,2,3,1,0,1,0,0,0,0,0,0,0,0,0,276,75,390,19,0,1,0,0,0,0,0,0,0,0,0,1706,1281,2736,71,1,17,0,0,0,0,0,0,0,0,0,255,56,315,12,0,0,0,0,0,0,0,0,0,0,0,0,0,0,0
0,0,2,0,0,1,0,0,0,1,0,4,0,0,0,0,0,0,0,0,0,0,0,0,0,0,0,0,0,0,6,2,3,5,1,0,0,0,0,0,0,0,0,0,0,113,42,502,87,0,7,1,0,0,0,0,0,0,0,0,219,754,5382,527,11,20,0,1,0,0,0,0,0,0,0,41,26,477,79,0,4,1,0,0,0,0,0,0,0,0,0,0,0,0
1,0,1,1,0,0,1,0,0,0,0,3,0,0,0,0,0,1,0,0,1,0,0,0,0,0,0,0,0,0,6,2,5,5,0,2,1,2,0,0,0,0,0,0,0,36,4,75,553,22,26,4,1,0,1,0,0,0,0,0,80,36,193,7328,143,83,6,4,3,1,0,0,0,0,0,22,7,43,329,4,19,2,0,0,0,0,0,0,0,0,0,0,0,0
1,0,3,3,1,2,3,0,0,0,0,1,0,0,0,2,1,2,1,1,4,0,0,0,0,0,0,3,0,0,6,5,9,6,1,9,4,0,0,0,0,0,0,0,0,61,15,87,364,18,366,46,10,13,0,1,0,0,0,0,98,56,244,2591,315,2878,124,17,12,10,2,1,0,2,0,208,15,61,314,31,256,31,8,3,0,0,0,0,0,0,0,0,0,0
2,0,0,1,0,2,1,0,1,1,0,2,0,0,0,1,1,0,2,0,2,1,1,0,0,1,0,2,0,3,4,0,2,11,1,8,2,0,3,0,0,0,0,0,0,24,4,29,124,13,683,54,7,7,0,1,1,0,0,0,52,16,71,262,254,6585,135,17,15,9,0,2,0,0,0,265,8,20,41,14,320,43,3,9,1,1,0,0,0,0,0,0,0,0
3,0,3,2,0,3,3,1,2,0,1,0,0,0,0,0,0,2,1,0,0,2,0,2,0,0,1,1,0,3,1,1,4,5,0,7,8,7,7,2,1,1,0,0,0,17,3,22,56,3,118,729,49,59,6,5,6,1,1,0,32,112,44,125,18,446,5329,870,139,24,7,8,0,2,0,26,98,14,28,6,119,482,92,24,4,4,2,0,0,0,0,0,0,0
3,0,0,2,0,4,3,4,1,2,0,3,1,0,1,1,0,1,3,0,3,3,0,4,0,2,2,2,0,1,8,4,2,7,0,10,11,9,15,2,2,4,1,1,1,24,3,28,61,13,149,406,59,276,36,23,17,2,4,1,24,117,41,132,20,262,2705,1115,1865,113,58,37,1,8,0,24,115,16,119,10,82,417,105,260,28,10,8,0,2,0,0,0,0,0
0,0,0,0,0,3,5,1,1,0,0,2,0,0,0,0,1,0,0,0,1,1,0,1,0,1,2,0,0,0,2,0,2,2,0,5,5,1,10,1,3,0,0,0,0,2,2,9,24,3,38,77,19,459,28,11,11,1,0,0,17,4,17,38,4,57,134,52,7194,436,42,14,1,2,1,11,2,4,228,3,16,31,7,354,31,10,10,0,2,0,0,0,0,0
0,0,0,2,0,2,5,1,10,1,2,2,0,2,0,0,1,1,3,0,2,6,0,4,0,3,2,2,0,0,2,2,1,5,1,1,13,1,22,7,13,8,0,4,0,7,1,6,21,2,47,105,19,200,442,220,71,4,19,5,6,9,19,52,5,63,140,54,1192,4206,913,196,23,46,7,7,9,10,43,31,34,68,14,182,298,121,53,5,13,0,0,0,0,0
2,0,0,1,0,1,6,2,6,1,2,3,1,6,0,1,1,2,1,0,0,4,1,4,0,0,0,0,1,0,4,2,2,4,1,6,7,3,10,5,6,8,1,2,3,5,0,12,25,1,33,44,7,138,157,303,151,16,28,5,9,5,17,33,3,51,139,32,352,1182,4040,888,50,84,15,9,6,6,20,151,19,96,17,96,135,358,180,12,27,3,0,0,0,0
0,0,2,1,0,0,1,1,1,0,0,3,0,1,1,0,0,0,0,0,1,0,0,1,1,1,0,0,2,0,0,0,0,3,1,2,1,1,6,2,5,12,0,3,0,2,0,0,1,1,12,17,3,28,20,32,675,13,76,10,1,2,3,9,1,12,231,8,52,68,101,6885,280,105,18,2,0,3,9,1,3,263,2,23,18,20,345,8,26,2,0,0,0,0
1,0,0,1,0,2,3,0,2,0,4,6,1,2,1,0,0,1,1,0,2,2,1,2,1,2,1,0,3,1,0,1,0,6,1,2,2,1,10,3,1,15,3,7,3,1,0,2,6,0,18,13,10,35,46,60,329,145,333,50,8,4,7,14,1,24,69,12,130,125,163,1902,1592,2296,118,2,4,6,11,5,17,47,3,74,42,51,323,135,304,34,0,0,0,0
0,0,1,1,0,1,0,2,3,0,0,8,0,5,0,0,0,0,1,0,0,1,0,1,0,1,5,0,2,3,1,0,3,0,0,1,3,1,6,4,3,10,1,9,3,2,0,4,5,0,5,17,1,14,25,12,112,90,443,49,2,2,7,4,0,14,19,5,175,42,53,275,798,5923,211,4,1,0,3,3,3,12,2,121,17,14,65,62,343,50,0,0,0,0
0,0,0,0,0,0,2,0,0,0,1,1,0,0,2,0,0,0,1,0,0,1,0,3,0,3,1,0,2,2,0,0,0,2,0,0,2,1,1,2,0,7,4,6,4,1,0,1,6,2,3,7,1,11,10,13,56,20,101,499,1,0,0,3,1,5,9,2,35,15,21,93,56,344,5098,1,0,2,4,1,1,5,1,15,98,5,27,17,73,152,0,0,0,0
700,2,2,1,0,0,0,0,0,0,0,0,0,0,0,0,0,0,0,0,0,0,0,0,0,0,0,0,0,0,0,0,0,1,0,0,0,0,0,0,0,0,0,0,0,2,0,0,0,0,0,0,0,0,0,0,0,0,0,0,484,4,6,0,0,264,0,0,0,0,0,0,0,0,0,6350,214,17,3,0,0,0,0,0,0,0,0,0,0,0,0,0,0,0
340,91,170,9,0,1,0,0,0,0,0,0,0,0,0,2,0,1,0,0,0,0,0,0,0,0,0,0,0,0,1,0,0,0,0,0,0,0,0,0,0,0,0,0,0,10,0,2,1,0,1,0,0,0,0,0,0,0,0,0,271,34,243,28,0,116,95,0,0,1,0,0,0,0,0,1658,1136,3058,53,1,5,0,1,0,0,0,0,0,0,0,0,0,0,0
65,75,382,80,2,8,0,1,1,0,0,0,0,0,0,0,0,1,0,0,0,0,0,0,0,0,0,0,0,0,2,1,0,0,0,0,0,0,0,0,0,0,0,0,0,5,0,6,2,0,0,0,0,0,0,0,0,0,0,0,102,33,332,77,1,24,116,0,11,0,0,0,0,0,0,213,736,5481,500,17,25,0,0,0,0,0,0,0,0,0,0,0,0,0
18,10,44,438,3,6,5,0,1,0,0,1,0,0,0,1,0,1,0,0,1,0,0,0,0,0,0,0,0,0,2,0,0,0,0,0,0,0,0,0,0,0,0,0,0,2,0,4,6,1,3,0,0,0,0,0,0,0,0,0,24,10,60,450,3,26,8,1,142,1,0,1,0,0,0,69,34,202,7323,127,74,10,2,1,0,0,1,0,0,0,0,0,0,0
45,9,52,365,14,383,30,12,6,3,1,0,0,0,0,0,1,4,5,3,2,4,0,0,0,0,0,0,0,0,3,1,0,0,0,0,0,0,1,0,0,0,0,0,0,8,0,11,8,0,10,5,3,1,1,2,0,0,0,0,52,15,98,301,18,332,46,7,123,155,0,5,0,1,0,141,55,278,2497,387,2689,128,23,15,1,0,2,0,1,0,0,0,0,0
20,5,19,43,4,602,33,12,6,0,1,1,0,0,0,2,2,0,2,0,2,1,0,0,0,0,0,0,0,0,2,1,0,1,0,1,1,0,0,0,0,0,0,0,0,3,0,3,6,0,6,3,1,0,1,0,0,0,0,0,25,11,49,90,13,325,29,8,16,201,0,2,0,2,0,59,11,84,254,258,6662,184,22,13,0,1,0,0,0,0,0,0,0,0
9,4,15,32,3,138,501,124,23,4,2,1,0,0,0,2,0,2,3,0,2,1,2,0,0,1,0,0,0,0,2,1,1,1,0,1,3,4,0,0,0,0,0,0,0,2,1,6,5,0,12,7,1,5,0,0,1,0,0,0,14,5,21,58,6,85,346,34,66,20,7,170,0,3,0,32,12,50,124,18,440,5771,809,127,24,9,6,2,1,1,0,0,0,0
15,1,18,42,4,72,351,178,282,24,9,11,0,2,0,2,1,2,9,1,3,5,2,4,1,0,1,0,1,0,2,1,2,4,1,1,2,1,1,0,0,0,0,0,0,6,1,4,4,3,14,8,4,10,3,5,2,0,0,1,22,14,19,57,7,95,226,87,227,51,25,179,1,84,2,36,17,59,143,21,280,2825,1244,1830,149,60,28,3,2,1,0,0,0,0
1,1,1,13,2,18,31,11,506,7,9,8,0,1,0,1,1,1,1,0,1,0,1,3,0,0,1,0,1,0,0,0,0,0,0,0,2,0,1,1,0,1,0,0,1,2,1,1,2,0,4,8,0,7,0,1,0,0,0,0,4,2,7,12,1,33,60,13,384,29,19,8,2,206,0,8,4,13,35,7,42,135,51,7223,501,34,15,1,5,1,0,0,0,0
6,1,6,16,2,21,55,28,277,310,136,55,0,7,1,1,0,0,2,0,3,10,2,9,0,2,5,0,2,0,0,0,0,2,0,0,3,0,1,0,0,7,1,1,0,7,1,3,9,1,5,19,3,17,4,9,12,0,5,1,4,5,9,35,2,37,71,14,195,264,168,74,6,48,28,7,5,23,46,4,91,183,57,1278,4110,969,240,10,33,6,0,0,0,0
4,1,8,7,2,17,35,11,92,83,399,216,3,20,3,1,0,0,2,1,2,5,1,1,1,4,1,1,2,1,0,1,2,2,0,5,1,0,5,0,1,1,0,3,0,4,1,3,0,3,8,11,1,7,8,4,9,0,5,0,6,3,8,13,0,26,61,10,98,119,172,139,14,35,158,12,2,17,35,4,62,117,39,312,1175,4402,892,48,88,18,0,0,0,0
2,1,4,3,0,5,7,3,25,11,30,706,4,26,6,0,0,1,0,0,0,1,0,3,1,1,3,0,3,0,0,0,0,0,0,2,1,1,1,1,0,3,0,2,0,2,0,1,0,1,2,3,2,6,4,4,7,1,2,0,2,0,0,12,0,10,18,3,25,22,170,353,16,33,14,2,3,2,12,3,14,19,9,50,79,309,6949,254,139,17,0,0,0,0
6,2,5,7,1,13,16,8,44,22,46,299,95,373,26,1,0,0,0,0,1,1,2,5,1,3,4,0,5,1,0,0,0,0,1,0,3,0,2,0,0,1,1,1,1,3,0,0,1,10,1,2,0,9,8,2,8,2,14,4,1,2,4,10,0,9,31,3,55,47,59,259,107,218,44,2,2,12,21,2,27,54,15,103,146,179,2001,1479,2534,144,0,0,0,0
0,0,4,2,1,5,8,4,15,8,13,60,38,523,37,1,0,1,0,0,3,2,2,0,0,4,4,0,1,2,0,0,1,0,1,1,3,0,2,2,3,1,0,4,0,1,0,0,2,9,1,2,0,3,4,4,15,1,4,5,1,3,1,5,0,3,11,3,32,10,34,92,60,282,37,2,1,3,6,1,11,13,9,45,37,51,257,1017,6075,220,0,0,0,0
2,0,1,1,0,0,0,0,6,2,8,32,3,53,228,1,0,1,0,0,0,3,0,0,0,0,0,0,2,0,0,0,0,0,0,0,1,0,0,0,1,0,0,0,0,0,0,0,1,1,0,3,0,2,1,3,5,0,6,3,1,0,0,1,0,1,6,0,9,6,3,18,10,48,136,3,0,0,5,0,9,8,3,21,13,11,64,59,412,4163,43,116,190,201
0,0,0,0,0,0,0,0,0,0,0,0,0,0,0,0,0,0,0,0,0,0,0,0,0,0,0,0,0,0,0,0,0,0,0,0,0,0,0,0,0,0,0,0,0,0,0,0,0,0,0,0,0,0,0,0,0,0,0,0,0,0,0,0,0,0,0,0,0,0,0,0,0,0,0,0,0,0,0,0,0,0,0,0,0,0,0,0,0,0,3676,3061,1479,372
0,0,0,0,0,0,0,0,0,0,0,0,0,0,0,0,0,0,0,0,0,0,0,0,0,0,0,0,0,0,0,0,0,0,0,0,0,0,0,0,0,0,0,0,0,0,0,0,0,0,0,0,0,0,0,0,0,0,0,0,0,0,0,0,0,0,0,0,0,0,0,0,0,0,0,0,0,0,0,0,0,0,0,0,0,0,0,0,0,0,1269,3623,2415,726
0,0,0,0,0,0,0,0,0,0,0,0,0,0,0,0,0,0,0,0,0,0,0,0,0,0,0,0,0,0,0,0,0,0,0,0,0,0,0,0,0,0,0,0,0,0,0,0,0,0,0,0,0,0,0,0,0,0,0,0,0,0,0,0,0,0,0,0,0,0,0,0,0,0,0,0,0,0,0,0,0,0,0,0,0,0,0,0,0,5,281,1756,2738,1825
0,0,0,0,0,0,0,0,0,0,0,0,0,0,0,0,0,0,0,0,0,0,0,0,0,0,0,0,0,0,0,0,0,0,0,0,0,0,0,0,0,0,0,0,0,0,0,0,0,0,0,0,0,0,0,0,0,0,0,0,0,0,0,0,0,0,0,0,0,0,0,0,0,0,0,0,0,0,0,0,0,0,0,0,0,0,0,0,0,2,103,573,1272,1858
