6376,148,155,38,0,8,4,0,1,1,0,0,0,0,0,208,39,22,8,2,4,1,0,0,0,0,0,1,0,0,2,0,0,0,0,1,1,0,1,0,1,0,0,0,0,1,0,0,2,0,1,0,0,0,0,0,0,0,0,0,19,1,4,7,0,11,2,0,0,0,0,0,0,0,0,489,37,51,14,3,5,1,0,0,0,0,0,0,0,0,0,0,0,0
1410,1122,2960,205,7,51,18,5,8,2,0,0,0,1,0,151,82,218,35,4,7,8,5,4,0,1,0,0,0,0,7,1,5,2,0,2,0,0,0,0,0,0,0,0,0,9,1,2,1,2,2,0,1,0,0,0,0,0,0,0,13,4,16,4,0,7,5,0,1,1,0,0,0,0,0,198,423,326,89,5,24,16,1,4,1,2,2,0,3,1,0,0,0,0
298,636,4575,808,18,109,28,8,12,4,1,3,1,1,0,54,38,286,118,20,33,12,3,4,0,2,0,0,1,0,7,0,2,0,0,1,2,1,0,0,0,0,0,0,0,6,0,1,2,0,1,0,0,0,0,0,0,0,0,0,7,3,13,20,0,8,6,1,4,4,0,1,0,1,1,91,129,413,141,27,39,21,8,5,5,1,0,0,0,0,0,0,0,0
89,36,260,6184,141,244,52,18,20,1,4,9,0,1,0,23,8,49,357,128,42,14,4,8,4,2,2,1,1,1,2,2,2,3,0,9,2,1,1,1,0,1,0,0,0,2,0,2,1,0,0,1,0,1,0,0,1,0,1,0,8,3,7,14,0,17,6,3,9,6,0,4,0,0,1,49,29,84,600,133,74,39,11,16,10,3,4,0,2,0,0,0,0,0
144,45,216,2129,379,2985,240,73,65,17,14,13,1,4,1,26,10,58,216,79,275,88,9,15,3,3,4,2,1,0,6,0,3,5,0,4,6,0,6,1,1,1,1,0,0,6,2,1,8,0,5,7,0,3,1,0,3,0,1,0,17,2,17,12,2,16,11,1,15,15,0,7,0,0,0,66,26,101,277,32,350,125,28,38,8,7,7,0,2,1,0,0,0,0
51,20,112,274,143,5715,355,79,69,8,9,12,0,6,1,25,6,24,53,31,505,218,31,18,2,3,1,1,2,3,3,3,4,4,0,4,9,0,0,1,1,0,0,0,0,5,1,3,3,0,6,4,0,5,0,0,0,0,0,0,5,1,8,15,0,8,12,2,18,7,0,4,0,1,1,32,17,64,141,23,400,236,27,40,11,6,4,1,1,3,0,0,0,0
43,11,61,105,10,444,4987,1089,249,44,37,33,1,17,7,7,0,17,35,10,96,201,135,47,12,11,7,0,2,1,4,1,3,4,0,7,4,1,5,2,4,0,0,0,1,5,0,0,4,0,6,7,0,4,2,0,2,0,2,0,4,3,5,10,0,13,20,5,14,9,4,10,1,6,3,23,11,27,66,8,116,587,83,117,33,14,27,4,6,4,0,0,0,0
42,11,69,141,11,273,2193,1441,1912,97,110,101,3,29,8,15,6,13,20,5,60,187,244,235,17,30,18,3,8,4,17,5,4,8,1,6,12,2,10,3,5,1,1,3,2,22,0,0,2,0,4,3,2,13,3,3,4,1,0,2,2,0,9,5,1,15,23,5,30,6,1,23,4,5,7,24,12,40,86,9,155,275,197,248,84,35,43,5,20,5,0,0,0,0
25,4,24,45,5,92,191,273,6263,124,126,68,5,21,4,3,1,8,19,3,32,44,19,328,23,35,20,0,3,2,34,7,0,5,0,6,5,4,8,3,4,0,0,1,0,133,0,1,3,1,7,4,2,4,2,0,1,2,0,1,3,2,2,4,0,9,18,4,23,6,3,10,2,7,4,14,5,10,32,3,59,100,218,472,84,39,47,4,17,5,0,0,0,0
15,7,22,53,3,101,206,94,1145,2700,1486,359,13,107,31,10,1,13,10,3,33,47,26,176,128,316,68,3,19,12,19,126,2,7,4,3,6,2,15,5,6,9,0,3,2,34,0,2,2,6,2,3,0,6,0,2,5,0,7,0,7,1,2,6,0,7,27,5,25,12,8,13,2,6,4,7,4,16,32,4,53,68,33,182,293,132,316,12,53,16,0,0,0,0
17,8,15,60,4,84,142,72,337,673,3737,1155,22,151,35,4,0,6,11,4,17,37,21,78,62,440,199,6,33,18,8,25,0,26,1,3,4,1,10,1,6,4,0,3,2,8,0,1,2,12,2,7,2,7,3,3,7,0,0,0,5,2,2,4,2,10,9,3,24,6,5,16,2,11,4,7,6,16,21,0,39,76,36,124,282,162,201,15,76,22,0,0,0,0
11,4,7,15,1,28,39,22,99,84,193,6307,33,226,34,2,0,4,4,1,7,12,5,22,15,52,493,8,34,14,0,6,0,123,0,1,6,1,4,3,0,4,2,4,2,2,1,2,0,11,1,3,1,3,2,1,2,0,5,2,1,0,0,6,0,4,4,1,16,7,2,20,2,5,5,0,4,1,12,1,11,31,12,46,52,67,598,29,186,36,0,0,0,0
7,1,17,29,2,41,53,37,124,80,176,1791,532,2621,164,5,0,6,5,2,21,16,8,44,20,51,274,35,232,40,2,10,1,34,40,3,5,1,3,5,6,9,1,8,4,4,1,0,0,197,2,8,0,4,1,3,4,0,3,1,0,0,2,7,0,4,9,0,9,5,5,21,1,14,17,7,4,8,17,1,23,36,19,50,69,62,423,62,462,117,0,0,0,0
6,1,3,12,1,21,28,11,60,32,82,264,468,5435,277,1,1,2,2,3,15,3,5,21,7,30,55,24,290,57,0,3,0,13,12,2,20,2,1,0,3,3,1,2,5,1,0,0,0,102,1,14,2,2,0,3,4,1,2,1,0,1,1,2,0,1,2,1,3,2,6,11,8,12,34,3,0,5,11,0,7,30,7,28,34,32,157,77,474,241,0,0,0,0
1,1,2,5,0,7,12,8,33,16,46,130,32,521,3593,1,0,3,2,1,3,5,6,12,6,10,38,10,97,423,1,0,0,2,3,1,160,0,2,1,1,5,0,6,4,1,0,2,0,9,0,110,1,3,0,0,3,1,7,2,1,0,0,1,0,2,7,1,5,5,2,9,1,9,254,2,0,5,7,0,8,7,3,18,15,14,45,27,113,420,0,0,0,0
767,19,69,24,0,5,0,0,2,0,2,0,0,0,0,5852,281,145,34,3,6,5,1,2,3,0,2,0,0,1,361,7,30,8,0,3,0,0,1,0,0,0,0,0,0,4,0,0,0,0,0,0,0,0,0,0,0,0,0,0,1,1,1,0,0,1,0,0,0,0,0,0,0,0,0,18,1,6,4,0,1,1,0,0,0,0,0,0,0,0,0,0,0,0
320,105,499,119,0,26,15,4,2,0,3,0,0,0,0,1287,1172,2894,197,14,50,21,5,3,4,0,8,0,0,0,215,50,272,54,1,10,5,2,3,2,1,0,0,0,0,7,0,2,4,0,1,1,0,1,0,1,0,0,0,0,2,0,1,2,0,3,2,1,0,0,0,0,0,0,0,20,7,11,4,0,6,3,1,2,0,0,0,0,0,0,0,0,0,0
176,90,464,203,3,50,19,7,3,0,1,0,0,0,0,223,554,4697,746,39,85,30,9,12,3,4,8,1,0,2,60,17,316,124,4,21,15,6,6,0,3,1,0,1,0,2,1,1,5,0,1,1,0,2,0,0,0,0,0,0,3,1,1,1,0,0,1,1,0,1,0,0,0,0,0,6,7,12,18,1,6,2,0,1,0,0,1,0,0,0,0,0,0,0
51,25,96,822,4,105,40,11,12,1,3,6,0,0,0,83,34,244,6181,314,201,58,12,26,7,7,6,0,3,3,27,7,30,362,11,60,13,4,8,1,2,2,0,1,0,3,1,5,6,0,3,0,1,1,0,0,0,0,0,0,1,1,3,2,0,2,1,0,4,0,0,0,0,0,0,9,5,9,15,2,15,6,2,4,0,0,1,0,0,0,0,0,0,0
81,29,119,384,8,438,99,29,51,7,12,10,1,2,2,113,42,215,1944,514,2773,276,64,71,11,24,14,3,4,1,40,7,40,274,35,313,56,11,17,4,1,3,0,3,0,9,1,3,5,1,6,4,2,1,1,3,1,0,1,0,1,1,2,4,0,5,3,1,2,2,0,0,0,0,1,9,3,15,28,4,17,17,6,7,5,1,2,0,1,0,0,0,0,0
47,12,68,156,14,587,124,45,41,8,6,12,0,4,3,53,15,91,265,288,5765,503,85,66,8,11,12,2,2,1,17,5,21,46,12,354,87,25,14,9,4,5,0,2,1,3,0,4,7,1,2,4,2,5,0,1,0,0,1,0,4,0,2,1,0,1,4,1,4,1,0,0,0,1,0,6,3,9,10,4,14,15,9,7,3,1,0,0,1,1,0,0,0,0
26,6,26,48,6,112,594,149,135,16,19,28,1,8,5,38,10,57,99,20,454,4909,1236,228,34,50,33,2,15,2,21,9,18,32,6,89,316,71,63,11,8,8,2,2,0,7,0,2,2,0,1,2,2,3,1,1,0,0,1,0,3,1,3,3,0,6,9,1,6,2,3,1,0,1,0,2,1,7,7,0,13,26,12,21,2,3,9,0,0,2,0,0,0,0
24,9,42,93,3,147,314,163,373,40,48,52,5,9,3,34,8,73,130,33,288,2092,1474,1879,75,128,73,3,21,9,66,16,23,38,9,64,193,129,266,31,27,26,0,11,3,8,0,6,2,0,6,14,2,6,6,4,1,0,0,1,3,0,3,3,0,5,8,2,5,2,2,9,2,0,1,8,4,6,14,1,21,23,5,22,10,7,4,0,4,1,0,0,0,0
8,5,21,32,2,57,99,56,667,58,58,41,3,11,3,14,5,22,48,11,94,154,74,6416,91,119,59,5,16,6,267,18,3,15,3,31,37,17,400,43,26,22,0,10,4,7,1,3,4,2,1,5,1,6,2,1,4,0,1,0,0,0,1,3,2,0,6,1,2,2,2,3,1,2,1,2,1,2,4,2,8,10,11,25,9,8,13,0,0,2,0,0,0,0
12,8,19,53,4,52,96,37,235,359,231,148,10,43,11,20,3,15,49,7,109,156,80,1125,2467,1721,314,15,81,17,62,221,5,26,9,34,46,31,216,245,140,79,3,29,9,5,1,1,0,1,4,11,2,4,1,3,6,0,4,1,2,1,4,1,0,6,6,1,5,3,3,2,0,1,1,7,0,0,5,0,13,17,11,17,9,10,17,6,13,4,0,0,0,0
10,9,17,32,3,43,71,34,168,144,289,211,8,65,17,13,6,30,44,8,84,139,49,325,634,3812,1109,36,155,30,19,61,6,49,9,33,36,21,84,93,308,195,17,49,11,0,0,2,5,3,1,8,2,8,2,4,8,1,4,0,2,0,2,3,0,5,3,1,2,2,2,6,1,4,4,3,2,6,4,2,6,18,8,12,10,3,8,2,5,3,0,0,0,0
3,1,4,13,1,12,35,13,50,38,77,653,20,126,15,10,0,5,14,1,30,38,17,87,61,196,6422,46,213,51,11,13,2,129,19,8,21,7,19,21,42,379,8,36,13,0,0,1,1,6,1,4,1,4,3,5,5,0,5,2,0,0,1,2,1,1,1,2,4,3,2,2,0,4,2,0,1,3,3,0,2,6,2,9,6,8,23,2,11,3,0,0,0,0
4,1,13,12,1,22,43,12,69,39,64,288,100,308,67,5,5,15,23,2,36,61,16,121,76,170,1907,683,2455,172,11,11,4,64,240,14,25,10,46,30,44,312,105,255,32,1,0,0,0,3,6,5,2,5,3,3,9,1,9,4,0,0,1,4,0,2,4,1,2,3,1,9,0,1,5,4,2,1,7,0,4,6,0,6,10,6,18,1,7,8,0,0,0,0
1,1,5,8,0,12,12,10,33,20,27,127,110,520,67,6,1,12,9,0,21,34,14,60,39,95,344,526,5121,315,10,8,4,17,150,7,29,6,23,10,28,79,50,362,63,1,0,0,2,2,0,5,1,2,2,2,2,1,4,3,0,0,0,2,0,0,1,1,1,2,0,2,0,0,1,1,0,0,2,0,3,3,3,4,9,5,11,4,24,11,0,0,0,0
0,1,3,5,0,11,12,6,13,15,17,50,17,150,463,0,0,2,8,0,2,20,4,24,11,32,125,38,479,3893,2,1,3,8,10,3,191,1,14,11,23,37,11,113,193,0,0,4,0,2,0,4,1,3,0,3,7,1,4,2,1,0,1,0,0,2,0,0,0,1,1,3,0,4,3,0,0,0,2,1,1,6,2,1,7,3,10,2,11,9,0,0,0,0
22,4,5,3,0,0,0,0,0,2,0,0,0,0,0,444,13,70,15,3,3,2,0,1,219,0,6,1,0,0,6168,54,100,25,2,10,5,0,0,0,1,0,0,0,0,501,5,25,10,0,1,1,0,0,0,0,0,0,1,0,4,0,2,2,0,0,0,0,0,0,0,0,0,0,0,4,0,1,1,0,0,0,0,0,1,0,0,0,0,0,0,0,0,0
15,5,21,9,1,5,3,1,1,1,1,1,0,0,0,224,44,381,92,2,16,13,4,6,31,1,36,9,0,1,1442,1554,2523,205,14,44,9,3,12,1,1,2,2,1,0,200,39,393,37,1,15,6,1,1,0,1,1,0,0,0,5,1,3,5,2,0,0,0,2,1,0,0,0,0,0,6,0,1,0,0,1,0,0,0,0,0,0,0,0,0,0,0,0,0
15,3,6,8,0,5,5,1,0,0,1,2,0,0,0,112,45,339,140,6,45,16,4,8,6,0,327,23,1,2,276,654,4550,763,30,109,30,9,18,0,2,4,0,3,0,47,16,266,131,1,28,8,3,3,1,0,1,0,0,0,4,0,4,3,0,0,3,0,1,0,0,0,0,0,0,2,2,0,4,0,0,1,1,1,0,0,0,0,0,0,0,0,0,0
11,2,15,16,0,14,5,1,2,1,1,1,0,0,0,49,5,90,489,20,91,33,8,8,2,2,14,142,2,1,77,36,212,6172,275,222,56,18,22,5,5,3,1,0,0,22,3,51,574,2,47,15,1,7,0,0,0,0,0,1,4,2,3,1,0,0,2,0,0,0,0,0,0,0,0,5,1,1,3,0,2,2,0,2,0,1,0,0,0,0,0,0,0,0
15,1,14,19,1,20,14,4,9,1,1,1,0,3,2,57,14,99,270,23,383,100,27,53,7,8,27,28,6,40,137,47,229,1884,657,2678,257,63,88,18,22,17,3,6,2,26,4,43,233,5,433,52,14,27,3,3,4,0,3,1,7,1,1,4,3,5,2,0,5,1,0,1,0,0,1,2,2,3,2,0,5,6,0,2,3,0,1,0,1,0,0,0,0,0
6,3,12,16,1,20,18,8,9,2,1,3,0,0,1,41,14,47,118,26,515,116,29,48,4,12,14,5,6,161,60,23,115,262,283,5741,351,97,79,8,12,11,2,1,0,11,1,28,47,3,428,84,13,14,6,2,1,0,2,0,1,0,4,3,0,7,4,0,7,2,0,0,0,0,1,1,1,0,4,0,0,3,0,1,1,1,2,0,2,0,0,0,0,0
3,1,3,8,0,21,23,10,16,7,5,6,2,1,0,17,7,29,60,9,134,404,154,136,21,21,21,5,4,25,28,14,42,119,26,457,4881,1193,226,46,47,28,3,19,4,15,1,10,32,0,82,491,51,48,5,10,16,0,7,0,1,0,3,2,0,7,2,2,3,0,0,2,1,2,1,1,0,1,4,1,4,5,0,4,4,0,3,0,1,0,0,0,0,0
11,2,5,13,2,21,26,8,18,7,2,10,2,2,1,30,5,35,76,11,128,293,164,262,33,54,32,6,12,10,43,13,59,151,29,284,2038,1406,2035,165,128,76,3,25,6,11,3,19,40,2,62,318,98,270,24,16,21,0,5,1,5,2,2,7,1,5,7,2,14,3,3,5,3,1,0,1,2,5,3,0,6,3,0,8,1,4,1,1,2,1,0,0,0,0
6,0,5,4,1,11,9,2,29,7,6,4,2,2,2,12,4,15,32,6,53,80,43,499,39,49,33,5,16,17,31,11,28,49,6,83,182,84,6435,376,130,65,6,30,7,5,0,8,19,0,29,47,15,488,29,27,19,1,4,1,1,0,3,2,0,3,7,2,2,3,1,0,1,1,0,3,0,2,3,0,4,3,0,3,1,0,5,0,2,0,0,0,0,0
5,1,2,7,0,19,16,6,21,10,14,11,2,8,2,9,1,18,33,6,51,73,41,199,216,235,124,9,46,22,26,9,34,59,17,86,178,85,1150,2971,1724,330,18,74,28,10,0,6,17,1,29,50,18,233,191,154,72,4,25,5,0,0,3,4,1,4,1,6,6,2,2,3,1,4,1,0,2,1,1,0,2,6,1,3,1,3,6,2,2,2,0,0,0,0
4,1,3,8,0,16,12,8,14,8,8,20,1,12,5,19,3,8,35,6,41,75,25,132,87,278,176,14,48,25,18,13,26,46,12,69,112,46,331,755,4081,1054,48,160,41,7,0,10,16,0,28,35,10,78,89,297,188,5,38,18,3,0,1,1,1,1,11,0,8,4,3,4,2,4,1,0,0,0,3,1,7,4,0,5,2,4,2,0,2,1,0,0,0,0
4,0,0,2,0,2,6,0,11,3,8,17,1,11,6,4,1,6,7,1,10,25,15,46,31,72,455,20,101,23,11,1,9,19,8,22,37,19,92,89,411,6338,159,206,55,2,0,3,5,1,11,17,0,20,16,45,472,6,49,9,2,0,1,2,0,1,1,1,2,3,2,2,3,4,4,4,0,1,1,0,1,2,0,3,0,1,1,0,3,1,0,0,0,0
5,0,3,2,1,8,0,2,12,4,7,17,7,22,8,6,0,9,12,4,23,18,9,56,33,59,254,99,253,61,9,5,8,17,18,46,59,24,142,89,215,2009,781,2656,163,3,1,3,8,0,15,25,2,30,18,48,251,40,381,20,0,0,0,1,0,0,2,1,2,0,3,11,1,5,3,1,0,2,0,0,5,4,0,4,1,3,5,3,4,3,0,0,0,0
5,0,2,3,0,5,3,1,10,4,4,16,5,17,6,3,1,4,8,0,8,20,6,41,19,30,140,68,408,59,5,5,7,20,15,12,30,13,77,43,94,301,581,5068,329,3,0,2,6,1,7,9,2,21,11,26,64,24,688,41,1,0,0,1,0,1,1,0,1,3,1,8,3,8,3,3,1,1,1,0,1,2,2,10,2,1,4,1,4,3,0,0,0,0
24,1,0,0,0,1,3,1,2,7,3,6,2,7,9,3,0,0,3,1,4,4,4,21,13,23,59,13,99,217,4,1,3,8,7,14,18,6,33,15,43,125,47,471,4080,1,0,1,5,0,4,12,3,8,4,6,38,12,123,207,1,0,0,2,1,2,2,2,4,3,3,1,3,4,3,2,0,2,3,0,1,2,0,0,0,3,2,0,0,1,0,0,0,0
1,1,2,1,0,0,0,0,0,112,0,3,0,0,0,14,2,3,5,0,0,0,0,0,25,0,4,1,0,0,539,27,46,17,1,7,3,0,1,0,1,0,0,0,0,6312,30,167,24,1,6,3,0,0,0,1,1,0,0,0,349,28,27,11,0,2,1,0,1,1,0,0,0,0,0,4,0,3,1,0,1,0,1,0,0,0,0,0,0,0,0,0,0,0
4,1,2,4,1,2,0,0,1,12,0,46,0,0,0,9,0,12,4,0,3,0,0,0,9,0,17,9,0,2,252,347,280,87,8,30,10,4,3,3,3,2,0,0,0,1386,540,2969,195,3,52,22,4,5,1,1,2,1,0,0,213,356,316,36,3,11,1,1,3,1,1,1,0,1,0,5,1,0,2,1,2,1,0,0,0,0,0,0,0,0,0,0,0,0
3,1,2,3,0,2,2,0,0,5,0,253,0,0,0,13,3,9,11,0,3,4,1,2,11,0,28,21,0,3,127,152,507,146,12,34,12,2,7,4,2,3,0,2,0,283,450,4309,780,15,88,26,4,14,4,2,3,0,0,0,65,141,206,136,15,21,10,1,5,0,3,1,0,0,0,5,1,3,3,0,3,0,0,2,1,0,0,0,0,0,0,0,0,0
3,1,1,1,0,1,2,0,1,2,0,11,0,0,0,5,2,7,10,1,8,4,1,1,2,2,11,162,0,11,39,29,89,650,28,87,26,13,20,4,3,1,0,0,1,96,30,209,6002,117,232,55,13,24,1,6,5,0,0,0,27,17,51,491,114,40,15,5,5,3,2,1,0,4,0,9,0,5,7,0,4,1,0,1,1,0,0,0,1,0,0,0,0,0
2,1,3,3,0,5,4,0,1,4,1,12,0,0,1,7,2,7,15,3,21,12,4,6,2,2,6,31,1,27,80,43,94,342,36,274,108,39,53,8,19,8,0,3,0,126,32,247,1782,303,3010,287,54,88,15,18,15,3,7,2,30,15,56,282,56,295,45,13,26,8,7,4,0,3,1,23,5,5,5,0,5,3,1,3,0,1,1,0,1,0,0,0,0,0
4,1,3,2,0,4,2,0,1,3,1,4,0,1,0,4,0,9,14,3,33,9,4,9,5,0,2,4,0,192,34,12,57,142,32,516,117,42,44,12,20,5,0,2,0,56,9,116,297,131,5732,394,85,68,8,11,9,1,10,0,21,8,28,61,14,299,70,14,15,5,6,5,1,3,0,13,7,2,1,2,3,4,2,5,0,0,2,1,0,0,0,0,0,0
3,0,1,5,0,4,1,1,6,2,2,6,0,1,1,3,1,4,12,2,10,15,10,13,8,2,5,6,2,16,22,11,28,61,13,155,459,154,117,30,35,23,7,8,2,41,4,41,101,12,469,5087,1027,259,47,34,32,1,17,1,9,5,10,31,3,87,247,59,63,15,8,9,1,2,1,4,7,1,2,0,4,6,3,7,0,1,1,0,1,1,0,0,0,0
1,0,3,4,0,4,5,2,5,2,3,10,0,3,0,5,0,7,8,2,17,20,4,24,7,5,7,5,5,19,28,10,44,86,18,133,241,150,347,75,74,51,6,19,6,47,10,76,135,8,258,2364,1114,1762,150,124,102,7,20,4,19,2,23,31,8,57,226,176,329,22,30,23,4,10,4,5,15,2,4,1,3,9,1,4,4,3,3,0,1,3,0,0,0,0
1,0,0,2,0,6,3,0,7,0,2,3,1,1,0,1,1,1,5,0,12,16,6,15,1,5,6,4,4,7,13,4,13,38,7,61,93,49,565,81,86,38,1,15,8,8,2,29,44,3,85,229,57,6172,281,124,57,7,25,5,6,5,3,15,0,17,29,179,491,41,23,16,5,4,2,2,4,3,4,0,5,3,1,8,4,1,3,0,1,2,0,0,0,0
2,0,1,4,0,4,6,1,4,1,3,2,1,5,2,6,1,3,4,1,14,16,6,14,8,6,12,2,7,5,17,4,22,26,9,53,72,52,225,320,505,158,15,46,11,19,3,31,56,5,93,191,44,1117,2756,1392,349,27,94,33,3,5,8,18,6,27,40,25,175,248,187,66,11,22,6,2,2,1,9,8,4,14,2,7,3,2,6,2,3,2,0,0,0,0
4,0,3,3,1,4,3,1,10,3,2,5,0,2,2,2,0,1,5,1,13,10,4,15,7,9,10,4,9,7,6,4,13,25,1,52,59,31,134,216,404,192,28,60,23,16,6,24,50,4,91,128,48,316,640,3540,1105,35,151,39,7,2,2,13,0,28,39,16,81,290,340,195,31,36,15,5,2,1,8,3,4,19,1,6,4,4,8,1,3,1,0,0,0,0
4,0,0,0,0,2,3,1,3,3,1,4,0,0,1,2,0,0,3,1,5,10,2,8,3,10,10,2,11,5,3,3,5,13,3,17,20,15,54,32,102,684,150,110,22,6,1,6,17,1,27,49,15,85,74,174,6161,56,235,38,1,1,2,5,0,10,9,4,28,27,38,449,127,49,17,1,0,1,3,2,2,12,0,7,0,3,4,1,6,0,0,0,0,0
17,0,3,0,0,3,4,2,3,2,1,3,1,3,0,2,1,2,1,1,4,4,1,9,5,4,18,5,12,12,9,1,7,10,2,19,23,16,54,51,105,333,103,327,55,9,2,12,25,1,33,59,20,117,76,155,1729,1085,2510,152,3,2,6,9,0,11,22,9,34,31,42,290,168,206,35,7,2,1,4,1,2,11,0,11,5,3,4,1,4,1,0,0,0,0
20,0,0,2,0,3,2,1,0,2,0,3,0,1,0,0,1,0,0,1,4,3,1,9,1,5,11,4,16,9,1,1,3,6,1,9,22,10,31,27,55,156,72,334,79,5,0,5,14,1,20,28,5,69,46,79,322,678,5270,339,1,1,1,4,0,6,8,8,24,16,16,54,44,367,80,7,2,2,0,0,0,5,0,11,5,3,5,2,5,3,0,0,0,0
208,0,0,4,0,2,2,0,2,0,2,5,0,1,2,0,0,0,0,1,2,4,1,4,5,2,8,4,5,4,0,2,1,4,1,8,8,3,18,17,21,61,19,102,439,1,0,1,5,0,15,18,4,29,19,28,135,65,523,3814,2,0,2,4,0,5,5,5,7,3,7,37,20,231,234,112,0,0,0,0,1,4,1,4,3,3,3,0,4,1,0,0,0,0
5,2,2,1,0,0,0,0,0,1,1,2,0,0,0,2,0,1,0,0,1,0,0,0,1,0,0,0,0,0,25,3,4,4,0,0,3,0,0,0,0,1,0,0,0,698,10,72,12,0,7,5,0,0,0,0,0,0,0,0,5877,264,148,32,1,13,6,1,1,0,0,0,0,0,0,376,7,35,6,0,5,1,0,0,0,0,0,0,1,0,0,0,0,0
5,0,4,2,0,1,2,1,0,0,0,8,0,0,0,2,1,2,2,0,1,0,1,0,0,0,0,1,0,1,13,6,13,6,0,0,0,1,2,0,1,0,0,0,0,306,114,489,90,7,23,10,4,2,1,2,1,0,1,0,1340,1227,2683,218,6,72,14,4,13,2,1,1,0,1,0,214,52,373,41,2,11,6,1,2,1,0,2,0,0,0,0,0,0,0
8,0,3,3,0,1,1,0,2,2,0,3,0,0,0,3,0,1,2,0,2,0,0,0,0,0,3,1,0,3,15,6,13,9,1,2,1,2,2,0,2,0,0,0,0,159,67,551,142,7,47,27,3,4,2,0,3,0,0,0,283,628,4363,796,15,82,29,3,13,6,1,4,1,0,1,79,21,382,156,2,34,11,0,3,0,0,0,0,0,0,0,0,0,0
5,2,2,6,0,4,4,0,0,0,0,7,0,0,0,1,0,2,2,0,0,2,0,1,1,2,0,4,0,1,7,2,11,16,1,5,8,0,2,0,1,1,1,1,0,56,15,109,666,19,121,25,6,24,3,3,2,1,0,1,90,36,213,6352,139,213,65,16,25,3,9,5,0,2,0,33,10,45,366,5,44,16,4,3,2,2,0,0,0,0,0,0,0,0
8,1,1,3,0,2,4,1,1,4,1,7,0,0,0,5,0,3,0,0,3,3,0,2,1,0,2,2,0,5,14,5,11,12,3,20,12,6,13,3,4,7,1,1,1,84,17,105,357,24,463,153,20,42,9,13,10,3,5,1,142,56,216,1983,311,2666,227,65,81,27,8,9,3,6,1,185,16,57,222,45,302,74,9,23,9,6,4,0,1,1,0,0,0,0
4,0,4,4,0,4,2,0,1,1,1,5,1,0,0,2,0,2,2,1,5,5,2,3,2,1,0,1,0,0,13,2,6,20,0,25,15,10,3,2,4,1,0,0,0,30,6,56,160,11,806,149,21,38,8,6,11,0,1,1,58,31,130,300,206,5310,304,50,72,23,10,14,3,7,1,205,8,32,64,15,364,90,21,17,6,0,3,0,2,1,0,0,0,0
2,0,3,4,0,5,12,2,2,5,4,3,0,1,0,4,0,1,4,0,1,4,1,1,1,0,2,3,3,4,5,2,6,16,0,17,20,11,26,10,10,8,0,4,0,15,5,39,48,7,156,721,89,146,46,29,21,4,4,2,25,97,67,118,18,377,4748,789,236,73,30,36,9,10,2,18,81,17,35,6,77,444,80,49,13,13,7,0,2,1,0,0,0,0
5,1,1,8,0,10,17,9,8,0,6,7,0,1,0,3,0,2,2,1,6,2,1,3,2,2,4,2,2,6,4,4,11,16,0,26,21,6,22,14,13,5,0,2,1,26,6,40,84,8,178,437,89,291,70,47,50,4,12,4,32,103,58,147,17,239,2106,911,1939,171,91,87,6,19,8,23,86,22,113,5,65,364,105,275,47,27,15,5,10,1,0,0,0,0
1,0,3,2,0,4,8,2,4,2,1,0,0,2,0,2,1,0,2,0,2,1,2,2,1,0,1,0,1,4,6,1,5,13,2,12,20,9,20,6,9,11,1,5,0,16,3,18,41,1,54,116,30,547,63,47,50,3,19,8,14,14,29,59,6,94,188,84,6019,473,111,85,9,23,7,11,8,8,178,6,29,59,16,372,57,29,15,1,13,1,0,0,0,0
4,0,2,8,0,10,6,3,10,2,5,9,0,3,1,1,1,1,1,1,5,10,2,10,1,2,5,0,0,2,6,1,6,5,3,9,13,8,18,13,16,11,2,9,4,13,1,22,32,1,58,83,24,237,414,238,156,12,60,22,17,14,30,50,3,81,163,52,856,3522,1073,326,45,93,17,11,14,8,29,53,25,63,14,196,254,152,60,9,36,6,0,0,0,0
2,1,2,3,1,2,2,2,9,0,7,7,1,5,1,3,1,0,1,0,0,3,4,12,0,2,4,1,2,4,3,0,6,8,3,12,17,0,24,13,19,19,3,5,4,14,1,16,26,0,44,79,13,156,159,321,216,18,65,22,15,11,16,45,3,84,173,37,294,1123,3220,1038,64,133,47,11,5,9,27,103,27,79,13,101,122,318,213,19,36,15,0,0,0,0
2,0,1,6,0,7,2,0,10,2,2,9,0,2,1,1,1,0,1,0,4,1,1,8,3,2,2,1,3,2,0,1,3,4,1,5,7,4,9,4,11,17,1,12,1,4,0,3,15,0,20,36,9,59,39,76,695,29,100,32,8,1,12,19,1,24,230,9,99,113,167,5879,266,216,54,7,1,4,4,9,8,204,4,32,24,28,331,11,40,17,0,0,0,0
1,0,0,0,0,7,2,1,9,3,4,5,3,5,3,0,0,0,3,1,5,1,1,5,0,1,8,0,2,3,0,0,1,4,1,8,6,0,13,7,6,22,3,11,8,5,3,14,10,0,27,46,12,62,49,63,308,141,373,64,18,8,12,31,3,36,82,18,141,101,164,1616,1319,2094,158,7,0,4,12,11,13,54,5,74,47,40,253,146,271,29,0,0,0,0
1,0,0,0,0,4,2,0,4,2,2,3,0,8,1,0,0,1,0,0,3,1,0,3,1,4,3,2,5,2,0,1,2,2,1,5,5,5,7,3,5,19,5,22,11,4,0,7,9,1,9,21,5,25,20,33,143,110,513,70,4,1,6,14,1,20,36,1,186,61,69,291,751,4730,332,3,2,5,8,2,7,16,5,120,25,20,57,59,364,69,0,0,0,0
0,0,1,2,0,1,0,0,3,1,0,3,0,4,2,0,0,1,0,0,1,1,4,3,1,2,2,0,8,4,0,1,0,1,0,2,2,0,2,1,3,8,0,11,9,2,0,2,5,0,6,13,2,15,11,11,56,27,107,426,4,0,4,6,0,7,13,3,43,27,38,102,72,417,3922,6,0,2,1,1,3,9,1,22,66,11,42,16,107,156,0,0,0,0
651,12,35,5,0,2,0,0,1,1,0,0,0,0,0,5,0,1,0,0,0,1,0,0,0,0,0,0,0,0,3,0,0,0,0,0,0,0,0,0,0,0,0,0,0,20,0,3,4,0,0,1,0,0,0,0,0,0,1,0,587,23,73,16,2,236,7,2,1,0,1,1,0,0,0,5558,230,150,28,1,9,1,1,0,0,0,1,0,0,0,0,0,0,0
261,95,207,33,0,17,4,2,1,1,1,0,0,0,0,2,0,5,3,0,1,0,0,1,0,0,0,0,0,0,3,0,0,1,1,0,0,0,0,0,0,0,0,0,0,20,4,15,7,0,5,2,1,1,0,0,1,0,0,0,256,61,354,99,1,104,128,2,4,1,1,2,0,0,1,1300,1054,3098,207,11,51,22,6,6,4,1,2,0,0,0,0,0,0,0
71,77,312,137,6,24,13,3,2,0,4,0,0,0,0,4,2,4,3,0,0,1,1,1,0,1,1,0,0,1,3,1,2,4,0,2,1,0,0,1,1,0,0,0,0,14,1,7,8,1,9,1,0,3,2,1,2,0,0,0,149,46,389,164,6,62,79,2,18,7,0,1,0,1,0,271,590,4459,793,39,69,27,6,14,5,1,2,0,0,0,0,0,0,0
34,8,67,412,3,39,23,5,9,2,0,1,0,0,0,4,1,3,3,0,2,4,0,0,0,0,0,0,0,1,2,0,3,4,1,4,1,2,0,0,0,0,0,1,0,5,3,8,19,1,15,7,2,3,0,1,1,0,0,0,41,22,89,548,14,115,34,5,147,12,0,5,1,1,0,82,35,238,6334,145,194,71,17,16,4,3,3,1,3,0,0,0,0,0
41,14,55,225,10,395,59,12,16,6,6,1,1,2,0,5,2,1,9,2,5,2,2,1,1,0,0,0,0,3,5,2,0,4,1,3,1,2,4,2,0,0,1,0,0,11,4,12,21,4,20,14,2,8,4,2,3,1,1,0,74,22,123,323,23,385,127,22,163,159,12,18,0,4,0,164,44,230,1972,361,2544,278,39,84,17,14,6,2,10,1,0,0,0,0
18,4,28,54,3,574,81,14,23,3,5,2,0,0,1,4,0,4,3,0,2,1,3,2,1,0,1,0,1,0,4,1,3,5,0,6,6,0,4,0,2,0,0,1,0,11,2,3,20,1,23,12,4,5,2,3,2,0,0,2,37,20,57,149,22,468,100,12,46,183,6,21,1,5,2,74,24,95,287,222,5368,414,72,63,22,11,14,2,6,1,0,0,0,0
9,2,13,36,7,109,431,116,64,6,8,9,1,4,0,1,0,1,4,1,5,6,1,4,1,1,0,0,0,0,1,0,0,7,1,3,2,1,3,1,4,2,1,0,0,10,0,6,9,0,18,24,4,14,5,3,4,0,6,2,19,28,23,58,11,133,393,70,135,43,27,174,5,17,0,34,17,60,135,17,407,5029,790,243,59,38,39,4,11,3,0,0,0,0
15,6,24,46,0,66,259,121,283,31,27,27,2,4,3,2,0,2,2,1,7,6,3,8,3,1,2,1,1,2,1,1,3,6,0,6,6,1,5,3,1,3,1,1,0,15,0,5,17,2,16,37,4,28,10,6,12,0,2,2,23,15,30,70,4,134,269,74,299,87,45,178,7,114,8,51,18,69,125,18,263,2305,967,1843,195,92,87,11,32,9,0,0,0,0
3,0,6,15,0,25,47,20,524,33,21,25,1,14,1,1,0,2,1,1,6,6,1,12,2,4,1,1,1,1,1,1,1,2,1,7,4,1,8,5,5,2,1,3,0,6,0,4,14,0,8,19,4,20,5,10,7,1,3,3,9,3,22,47,2,43,98,21,476,86,51,43,5,191,8,21,6,25,55,7,104,189,75,5957,511,90,72,12,24,7,0,0,0,0
10,3,11,18,3,32,62,17,225,274,162,95,7,21,10,2,0,3,3,2,3,8,1,2,2,5,6,1,2,1,1,4,1,1,1,3,5,0,6,3,5,5,0,3,0,9,0,4,5,2,13,11,3,21,10,11,17,5,7,3,10,1,15,35,6,51,80,11,200,289,190,139,15,44,56,19,7,31,56,7,100,176,54,1058,3374,1133,380,30,86,31,0,0,0,0
8,1,14,16,2,26,45,18,77,96,374,247,9,45,6,4,0,0,4,0,3,3,3,12,4,5,8,0,3,2,4,1,1,2,0,8,4,3,5,3,1,3,1,4,1,6,3,6,8,4,12,15,7,24,6,10,8,0,4,1,7,4,15,27,2,51,67,20,161,170,228,181,20,56,131,11,8,25,65,7,85,143,41,326,1121,3288,976,76,168,33,0,0,0,0
2,1,3,3,2,16,19,5,21,18,56,616,12,49,10,0,0,1,0,0,2,3,1,4,1,4,10,0,5,2,1,1,1,1,0,0,3,0,3,0,3,6,0,0,2,4,1,2,1,0,7,6,3,12,4,9,21,1,8,3,4,4,4,17,1,17,39,7,62,44,163,503,37,79,25,4,2,16,17,0,32,48,11,101,130,338,5798,268,241,57,0,0,0,0
11,2,5,9,3,22,19,7,47,17,39,250,79,298,32,1,1,1,3,0,3,1,2,5,0,6,9,0,5,6,1,1,1,3,1,1,1,1,3,1,2,7,0,4,2,2,0,0,3,9,5,10,2,12,4,7,11,2,8,1,2,3,6,8,3,19,29,4,69,74,63,237,108,263,70,13,4,14,36,2,31,63,24,126,123,169,1739,1282,2355,183,0,0,0,0
3,0,2,5,0,6,13,3,24,9,25,72,45,473,48,0,0,0,1,0,2,2,1,7,0,0,5,1,5,7,1,0,0,0,0,0,3,0,4,2,1,6,0,6,3,1,0,3,3,2,5,9,0,6,5,6,12,3,14,6,4,2,3,6,2,14,20,4,40,36,34,114,71,380,78,7,3,8,13,3,19,32,6,59,65,77,315,856,4927,348,0,0,0,0
3,0,0,2,0,5,4,3,9,2,3,30,11,82,179,0,0,0,0,0,0,2,1,1,0,1,1,0,3,1,0,1,1,0,0,0,2,2,1,1,3,1,1,1,1,3,0,0,3,0,4,6,1,5,3,2,6,2,4,6,3,1,1,3,0,5,2,3,12,4,9,32,16,69,163,2,0,0,5,2,7,11,1,19,24,23,87,54,440,3216,19,69,68,52
0,0,0,0,0,0,0,0,0,0,0,0,0,0,0,0,0,0,0,0,0,0,0,0,0,0,0,0,0,0,0,0,0,0,0,0,0,0,0,0,0,0,0,0,0,0,0,0,0,0,0,0,0,0,0,0,0,0,0,0,0,0,0,0,0,0,0,0,0,0,0,0,0,0,0,0,0,0,0,0,0,0,0,0,0,0,0,0,0,0,138,184,114,64
0,0,0,0,0,0,0,0,0,0,0,0,0,0,0,0,0,0,0,0,0,0,0,0,0,0,0,0,0,0,0,0,0,0,0,0,0,0,0,0,0,0,0,0,0,0,0,0,0,0,0,0,0,0,0,0,0,0,0,0,0,0,0,0,0,0,0,0,0,0,0,0,0,0,0,0,0,0,0,0,0,0,0,0,0,0,0,0,0,0,63,154,140,48
0,0,0,0,0,0,0,0,0,0,0,0,0,0,0,0,0,0,0,0,0,0,0,0,0,0,0,0,0,0,0,0,0,0,0,0,0,0,0,0,0,0,0,0,0,0,0,0,0,0,0,0,0,0,0,0,0,0,0,0,0,0,0,0,0,0,0,0,0,0,0,0,0,0,0,0,0,0,0,0,0,0,0,0,0,0,0,0,0,0,34,85,95,67
0,0,0,0,0,0,0,0,0,0,0,0,0,0,0,0,0,0,0,0,0,0,0,0,0,0,0,0,0,0,0,0,0,0,0,0,0,0,0,0,0,0,0,0,0,0,0,0,0,0,0,0,0,0,0,0,0,0,0,0,0,0,0,0,0,0,0,0,0,0,0,0,0,0,0,0,0,0,0,0,0,0,0,0,0,0,0,0,0,1,8,42,43,56
