5671
5672
5679
5680
5712
5735
5763
5764
5765
5766
5767
5768
5771
5772
5773
5774
5775
5776
12907
12929
12930
12931
12932
12933
12934
12935
12936
12937
12938
12939
12940
12941
12942
12943
12944
12945
12946
12947
12948
12952
12953
12954
12955
12956
12957
12958
12959
12960
12994
12995
12997
12998
12999
13000
13971
13973
13974
13975
13976
13977
13978
13979
13980
13981
13982
13983
13984
14000
14001
14002
14003
14004
14005
14007
14017
14018
14019
14020
14021
14022
14023
14024
14025
14026
14027
14028
14029
14030
14031
14032
15019
15041
15042
15043
15044
15045
15046
15047
15048
15049
15050
15051
15052
15053
15054
15055
15056
15057
15058
15059
15060
15064
15065
15066
15067
15068
15069
15070
15071
15072
15106
15107
15109
15110
15111
15112
