6161
6162
6163
6164
6165
6166
6167
6168
6169
6170
6171
6172
6173
6174
6175
6176
6177
6178
6179
6180
6181
6182
6185
6186
6187
6188
6189
6190
6194
6195
6197
6198
6199
6200
6218
6225
6226
6241
6242
6257
6258
6259
6260
6263
6264
6265
6266
6267
6268
6269
6270
6271
6272
6273
6274
6281
6282
7587
7588
7589
7590
7591
7592
7593
7594
7595
7596
7597
7598
7599
7600
7615
7616
7617
7618
7619
7620
7621
7623
7633
7634
7635
7636
7637
7638
7639
7640
7641
7642
7643
7644
7645
7646
7647
7648
8635
8636
8657
8658
8659
8660
8661
8662
8663
8665
8666
8667
8668
8669
8670
8671
8673
8674
8675
8681
8682
8684
8706
8707
