6705
6706
6707
6708
6709
6710
6711
6712
6713
6714
6715
6716
6717
6718
6719
6720
6721
6722
6723
6724
6726
6729
6730
6731
6732
6733
6737
6740
6745
6746
6747
6748
6749
6750
6751
6752
6753
6761
6801
6802
6803
6804
6805
6806
6807
6808
6825
8054
8056
8057
8058
8059
8060
8061
8062
8063
8064
8113
8114
8115
8116
8117
8118
8119
8120
8129
8130
8131
8132
8133
8134
8135
8136
8137
8138
8139
8140
8141
8142
8143
8144
9137
9138
9139
9140
9141
9142
9143
9144
9145
9146
9147
9148
9149
9150
9151
9152
9153
9156
9161
9162
9163
9164
9165
9167
9217
9218
9219
9220
9221
9223
