6055
6056
6063
6064
6083
6084
6088
6091
6092
6093
6094
6095
6096
6147
6148
6149
6150
6151
6152
13235
13237
13238
13239
13240
13241
13242
13243
13244
13245
13246
13247
13248
13264
13297
13298
13299
13300
13301
13302
13303
13304
13313
13314
13315
13316
13317
13318
13319
13320
13321
13322
13323
13324
13325
13326
13327
13328
14267
14321
14322
14323
14324
14325
14326
14327
14328
14329
14330
14331
14332
14333
14334
14335
14336
14337
14340
14345
14346
14347
14348
14349
14350
14351
14352
14401
14402
14403
14404
14405
14406
14407
14408
15350
15352
15353
15354
15355
15356
15357
15358
15359
15360
15376
15409
15410
15411
15412
15413
15414
15415
15416
15425
15426
15427
15428
15429
15430
15431
15432
15433
15434
15435
15436
15437
15438
15439
15440
