6963
6965
6966
6967
6968
6969
6970
6971
6972
6973
6974
6975
6976
6979
6982
6985
6986
6987
6988
6989
7008
7025
7026
7027
7028
7029
7030
7031
7032
7041
7042
7043
7044
7046
7057
7058
7059
7060
7061
7062
7063
7064
7065
7066
7067
7068
7069
7070
7071
7072
7073
7081
8283
8305
8306
8307
8308
8309
8310
8311
8312
8313
8314
8315
8316
8317
8318
8319
8320
8321
8322
8323
8324
8328
8329
8330
8331
8332
8333
8334
8335
8336
8353
8354
8355
8356
8357
8358
8359
8360
9347
9349
9350
9351
9352
9353
9354
9355
9356
9357
9358
9359
9360
9377
9378
9379
9380
9381
9382
9383
9384
9393
9394
9395
9396
9397
9399
9401
9402
9403
9404
9405
9407
