5718
5720
5721
5722
5723
5724
5725
5726
5727
5728
5734
5737
5738
5739
5740
5741
5742
5777
5778
5779
5780
5781
5782
5783
5784
5793
5794
5795
5796
5797
5798
5809
5810
5811
5812
5813
5814
5815
5816
5817
5818
5819
5820
5821
5822
5823
5824
5825
5826
5833
5834
7825
7826
7827
7828
7829
7830
7831
7832
7833
7834
7835
7836
7837
7838
7839
7840
7849
7850
7851
7852
7853
7854
7855
7856
7905
7906
7907
7908
7909
7910
7911
7912
7913
7915
8857
8858
8859
8860
8861
8862
8863
8913
8914
8915
8916
8917
8918
8919
8925
8929
8930
8931
8937
8938
8940
