16983
16984
16991
16992
17011
17012
17013
17014
17015
17016
17017
17018
17019
17020
17021
17022
17023
17030
17035
17043
17044
17045
17046
17047
17048
17049
17050
17051
17052
17053
17054
17057
17058
17059
17060
17063
17065
17066
17067
17068
17069
17073
17074
17075
17076
17077
17078
17079
17080
17081
17082
17083
17084
17085
17086
17089
17090
17091
17092
17095
17097
17098
17099
17100
17105
17106
17107
17108
17109
17111
17112
17113
17115
17116
17117
17118
17120
17121
17122
17123
17129
17130
17132
17137
17138
17139
17140
17143
17144
17145
17146
17147
17148
17149
17150
17151
17152
17153
17154
17155
17161
17162
17164
17169
17170
17171
17177
17178
17185
17186
17187
17193
17194
17205
17207
17208
17214
17215
17216
17220
17224
17226
17227
17228
17229
17230
17231
17232
