6769
6770
6771
6772
6773
6774
6775
6776
6777
6778
6779
6780
6781
6782
6783
6784
6785
6786
6787
6788
6790
6793
6794
6795
6796
6797
6809
6810
6811
6812
6813
6814
6815
6816
6817
6833
6849
6865
6866
6867
6868
6869
6870
6871
6872
6873
6874
6875
6876
6878
6881
6889
8121
8122
8123
8124
8125
8126
8127
8128
8177
8178
8179
8180
8181
8182
8183
8184
8185
8189
8190
8191
8192
8193
8194
8195
8196
8197
8198
8199
8200
8201
8202
8203
8204
8205
8206
8207
8208
8262
9201
9202
9203
9204
9205
9206
9207
9208
9209
9210
9211
9212
9213
9214
9215
9216
9225
9226
9227
9228
9229
9231
9265
9281
9282
9283
9284
9285
9287
9289
9290
9291
9292
