9462
9464
9470
9472
9494
10481
10482
10483
10484
10485
10486
10487
10488
10489
10490
10491
10492
10493
10494
10495
10496
10506
10508
10509
10510
10511
10512
10513
10529
10530
10531
10532
10533
10534
10535
10536
10537
10538
10539
10540
10542
11529
11530
11531
11532
11534
11535
11553
11554
11555
11556
11557
11558
11559
11560
11561
11565
11566
11567
11568
11569
11570
11571
11572
11573
11574
11575
11576
11577
11578
11579
11580
11581
11582
11583
11584
11606
12593
12594
12595
12596
12597
12598
12599
12600
12601
12602
12603
12604
12605
12606
12607
12608
12618
12620
12621
12622
12623
12624
12625
12641
12642
12643
12644
12645
12646
12647
12648
12649
12650
12651
12652
12654
