5651
5653
5654
5655
5656
5657
5658
5659
5660
5661
5662
5663
5664
5667
5669
5670
5673
5674
5675
5676
5677
5678
5686
5713
5714
5715
5716
5717
5719
5729
5730
5731
5732
5733
5745
5746
5747
5748
5749
5750
5751
5752
5753
5754
5755
5756
5757
5758
5759
5760
5761
5762
5769
5770
7889
7890
7891
7892
7893
7894
7895
7896
7897
7898
7899
7900
7901
7902
7903
7904
7914
7916
7917
7918
7919
7920
7953
7969
7970
7971
7972
7973
7974
7975
7976
7977
7978
7979
7980
7982
8921
8922
8923
8924
8926
8927
8977
8978
8979
8980
8981
8982
8983
8985
8989
8990
8991
8993
8994
8995
9001
9002
9004
