9240
9248
9259
9261
9262
9263
9264
9300
9301
9302
9303
9304
9307
9309
9310
9311
10265
10266
10267
10268
10269
10270
10271
10272
10321
10322
10323
10324
10325
10326
10327
10328
10329
10330
10332
10333
10334
10335
10336
10337
10338
10339
10340
10341
10342
10343
10344
10345
10346
10347
10348
10349
10350
10351
10352
11345
11346
11347
11348
11349
11350
11351
11352
11353
11354
11355
11356
11357
11358
11359
11360
11369
11370
11371
11372
11373
11374
11375
11376
11409
11410
11411
11412
11413
11414
11415
11416
11417
11418
11419
11420
11421
11422
11423
12377
12378
12379
12380
12381
12382
12383
12384
12433
12434
12435
12436
12437
12438
12439
12440
12441
12442
12444
12445
12446
12447
12448
12449
12450
12451
12452
12453
12454
12455
12456
12457
12458
12459
12460
12461
12462
12463
12464
