8664
8672
8676
8679
8680
8683
8685
8686
8687
8688
8709
8710
8711
8712
9699
9700
9701
9702
9703
9704
9705
9706
9707
9708
9709
9710
9711
9712
9728
9729
9730
9731
9732
9733
9735
9745
9746
9747
9748
9749
9750
9751
9752
9753
9754
9755
9756
9757
9758
9759
9760
10747
10769
10770
10771
10772
10773
10774
10775
10776
10777
10778
10779
10780
10781
10782
10783
10784
10785
10786
10787
10788
10791
10792
10793
10794
10795
10796
10797
10798
10799
10800
10818
10819
10821
10822
10823
10824
11811
11812
11813
11814
11815
11816
11817
11818
11819
11820
11821
11822
11823
11824
11839
11840
11841
11842
11843
11844
11845
11847
11857
11858
11859
11860
11861
11862
11863
11864
11865
11866
11867
11868
11869
11870
11871
11872
