7429
7431
7432
7438
7439
7440
7458
7459
7460
7461
7462
7463
7464
7490
7491
7492
7493
7495
7496
7498
7499
7500
7501
7502
7503
7504
12962
12963
12964
12965
12966
12967
12968
12969
12970
12971
12972
12973
12974
12975
12976
13009
13010
13011
13012
13013
13014
13015
13025
13026
13027
13028
13029
13030
13031
13032
13033
13034
13035
13036
13037
13038
13039
13040
14033
14034
14035
14036
14037
14038
14039
14040
14041
14042
14043
14044
14045
14046
14047
14048
14049
14050
14051
14052
14053
14055
14056
14057
14058
14059
14060
14061
14062
14063
14064
14114
14115
14117
14118
14119
14120
15074
15075
15076
15077
15078
15079
15080
15081
15082
15083
15084
15085
15086
15087
15088
15121
15122
15123
15124
15125
15127
15137
15138
15139
15140
15141
15143
15145
15146
15147
15148
15149
15151
