9166
9168
9222
9224
10166
10168
10169
10170
10171
10172
10173
10174
10175
10176
10225
10226
10227
10228
10229
10230
10231
10232
10241
10242
10243
10244
10245
10246
10247
10248
10249
10250
10251
10252
10253
10254
10255
10256
11249
11250
11251
11252
11253
11254
11255
11256
11257
11258
11259
11260
11261
11262
11263
11264
11265
11268
11273
11274
11275
11276
11277
11278
11279
11280
11329
11330
11331
11332
11333
11334
11335
11336
12278
12280
12281
12282
12283
12284
12285
12286
12287
12288
12337
12338
12339
12340
12341
12342
12343
12344
12353
12354
12355
12356
12357
12358
12359
12360
12361
12362
12363
12364
12365
12366
12367
12368
