8600
8608
8612
8613
8614
8615
8616
8619
8621
8622
8623
8624
8646
9633
9634
9635
9636
9637
9638
9639
9640
9641
9642
9643
9644
9645
9646
9647
9648
9658
9660
9661
9662
9663
9664
9665
9681
9682
9683
9684
9685
9686
9687
9688
9689
9690
9691
9692
9694
10681
10682
10683
10684
10686
10687
10705
10706
10707
10708
10709
10710
10711
10712
10713
10717
10718
10719
10720
10721
10722
10723
10724
10725
10726
10727
10728
10729
10730
10731
10732
10733
10734
10735
10736
10758
11745
11746
11747
11748
11749
11750
11751
11752
11753
11754
11755
11756
11757
11758
11759
11760
11770
11772
11773
11774
11775
11776
11777
11793
11794
11795
11796
11797
11798
11799
11800
11801
11802
11803
11804
11806
