9032
9038
9040
9094
10034
10035
10036
10037
10038
10039
10040
10041
10042
10043
10044
10045
10046
10047
10048
10061
10063
10064
10097
10098
10113
10114
10115
10116
10117
10118
10119
10120
10121
10122
10123
10124
10125
10126
11066
11067
11068
11121
11122
11123
11124
11125
11126
11127
11128
11129
11130
11133
11134
11135
11136
11137
11138
11139
11140
11141
11143
11144
11145
11146
11147
11148
11149
11150
11151
11152
11205
11206
12146
12147
12148
12149
12150
12151
12152
12153
12154
12155
12156
12157
12158
12159
12160
12173
12175
12176
12209
12210
12225
12226
12227
12228
12229
12230
12231
12232
12233
12234
12235
12236
12237
12238
