6899
6900
6901
6902
6903
6904
6905
6906
6907
6908
6909
6910
6911
6912
6915
6916
6918
6921
6922
6923
6924
6925
6943
6944
6961
6962
6964
6977
6978
6980
6993
6994
6995
6996
6997
6998
6999
7000
7001
7002
7003
7004
7005
7006
7007
7009
7017
8251
8252
8273
8274
8275
8276
8277
8278
8279
8280
8281
8282
8284
8285
8286
8287
8288
8289
8290
8291
8292
8295
8296
8297
8298
8299
8300
8301
8302
8303
8304
8325
8326
8327
9315
9316
9317
9318
9319
9320
9321
9322
9323
9324
9325
9326
9327
9328
9343
9345
9346
9348
9361
9362
9363
9364
9365
9367
9369
9370
9371
9372
9373
9375
