9528
9534
9536
9558
9560
10547
10549
10550
10551
10552
10553
10554
10555
10556
10557
10558
10559
10560
10576
10577
10578
10579
10580
10581
10583
10593
10594
10595
10596
10597
10598
10599
10600
10601
10602
10603
10604
10605
10606
10607
10608
11595
11617
11618
11619
11620
11621
11622
11623
11624
11625
11626
11627
11628
11629
11630
11631
11632
11633
11634
11635
11636
11640
11641
11642
11643
11644
11645
11646
11647
11648
11666
11667
11669
11670
11671
11672
12659
12661
12662
12663
12664
12665
12666
12667
12668
12669
12670
12671
12672
12688
12689
12690
12691
12692
12693
12695
12705
12706
12707
12708
12709
12710
12711
12712
12713
12714
12715
12716
12717
12718
12719
12720
