8824
8832
8848
8856
8868
8869
8870
8871
8872
8875
8877
8878
8879
8880
9867
9889
9890
9891
9892
9893
9894
9895
9896
9897
9898
9899
9900
9901
9902
9903
9904
9905
9906
9907
9908
9912
9913
9914
9915
9916
9917
9918
9919
9920
9953
9954
9955
9956
9957
9958
9959
9960
10931
10933
10934
10935
10936
10937
10938
10939
10940
10941
10942
10943
10944
10960
10961
10962
10963
10964
10965
10966
10967
10968
10977
10978
10979
10980
10981
10982
10983
10984
10985
10986
10987
10988
10989
10990
10991
10992
11979
12001
12002
12003
12004
12005
12006
12007
12008
12009
12010
12011
12012
12013
12014
12015
12016
12017
12018
12019
12020
12024
12025
12026
12027
12028
12029
12030
12031
12032
12065
12066
12067
12068
12069
12070
12071
12072
