6183
6184
6191
6192
6220
6221
6222
6223
6224
6275
6276
6277
6278
6279
6280
6283
6284
6285
6286
13369
13370
13371
13372
13374
13375
13425
13426
13427
13428
13429
13430
13431
13432
13433
13434
13437
13438
13439
13440
13441
13442
13443
13444
13445
13446
13447
13448
13449
13450
13451
13452
13453
13454
13455
13456
13509
13510
14449
14450
14451
14452
14453
14454
14455
14456
14457
14458
14459
14460
14461
14462
14463
14464
14474
14476
14477
14478
14479
14480
14513
14514
14529
14530
14531
14532
14533
14534
14535
14536
14537
14538
14539
14540
14541
14542
15481
15482
15483
15484
15486
15487
15537
15538
15539
15540
15541
15542
15543
15544
15545
15546
15549
15550
15551
15552
15553
15554
15555
15556
15557
15558
15559
15560
15561
15562
15563
15564
15565
15566
15567
15568
15621
15622
