8728
8736
8747
8749
8750
8751
8752
8772
8773
8774
8775
8776
8779
8782
9769
9770
9771
9772
9773
9774
9775
9776
9793
9794
9795
9796
9797
9798
9799
9800
9801
9805
9806
9807
9808
9809
9810
9811
9812
9813
9814
9815
9816
9817
9818
9819
9820
9821
9822
9823
9824
9846
10833
10834
10835
10836
10837
10838
10839
10840
10841
10842
10843
10844
10845
10846
10847
10848
10857
10858
10859
10860
10861
10862
10863
10864
10865
10881
10882
10883
10884
10885
10886
10887
10888
10889
10890
10891
10892
10894
11881
11882
11883
11884
11885
11886
11887
11888
11905
11906
11907
11908
11909
11910
11911
11912
11913
11917
11918
11919
11920
11921
11922
11923
11924
11925
11926
11927
11928
11929
11930
11931
11932
11933
11934
11935
11936
11958
