7118
7119
7173
7175
7176
7182
7183
7184
7202
7203
7204
7205
7206
7207
7208
7210
7211
7212
7213
7214
7215
7216
7280
13211
13265
13266
13267
13268
13269
13270
13271
13272
13273
13274
13275
13276
13277
13278
13279
13280
13281
13282
13283
13284
13288
13289
13290
13291
13292
13293
13294
13295
13296
13346
13347
13349
13350
13351
13352
14291
14293
14294
14295
14296
14297
14298
14299
14300
14301
14302
14303
14304
14320
14353
14354
14355
14356
14357
14359
14369
14370
14371
14372
14373
14374
14375
14376
14377
14378
14379
14380
14381
14382
14383
14384
15323
15377
15378
15379
15380
15381
15382
15383
15384
15385
15386
15387
15388
15389
15390
15391
15392
15393
15394
15395
15396
15400
15401
15402
15403
15404
15405
15406
15407
15408
15458
15459
15461
15462
15463
15464
