8632
8640
8644
8645
8647
8648
8651
8653
8654
8655
8656
8677
8678
9666
9667
9668
9669
9670
9671
9672
9673
9674
9675
9676
9677
9678
9679
9680
9693
9695
9696
9697
9698
9713
9714
9715
9716
9717
9718
9719
9720
9721
9722
9723
9724
9725
9726
9727
10714
10715
10716
10737
10738
10739
10740
10741
10742
10743
10744
10745
10746
10748
10749
10750
10751
10752
10753
10754
10755
10756
10757
10759
10760
10761
10762
10763
10764
10765
10766
10767
10768
10789
10790
11778
11779
11780
11781
11782
11783
11784
11785
11786
11787
11788
11789
11790
11791
11792
11805
11807
11808
11809
11810
11825
11826
11827
11828
11829
11830
11831
11832
11833
11834
11835
11836
11837
11838
