5457
5458
5459
5460
5461
5462
5463
5464
5465
5466
5467
5468
5469
5470
5471
5472
5473
5474
5475
5476
5477
5478
5481
5482
5483
5484
5485
5486
5489
5490
5491
5492
5493
5494
5495
5496
5513
5514
5553
5556
5561
5562
5563
5564
5565
5566
5567
5568
5569
5570
5577
8086
8088
8089
8090
8091
8092
8093
8094
8095
8096
8145
8146
8147
8148
8149
8150
8151
8152
8161
8162
8163
8164
8165
8166
8167
8168
8169
8170
8171
8172
8173
8174
8175
8176
9169
9170
9171
9172
9173
9174
9175
9177
9178
9179
9180
9181
9182
9183
9185
9193
9194
9196
9249
9250
9251
