9176
9184
9188
9195
9197
9198
9199
9200
9252
9253
9254
9255
9256
10198
10200
10201
10202
10203
10204
10205
10206
10207
10208
10257
10258
10259
10260
10261
10262
10263
10264
10273
10274
10275
10276
10277
10278
10279
10280
10281
10282
10283
10284
10285
10286
10287
10288
11281
11282
11283
11284
11285
11286
11287
11288
11289
11290
11291
11292
11293
11294
11295
11296
11297
11300
11305
11306
11307
11308
11309
11310
11311
11312
11361
11362
11363
11364
11365
11366
11367
11368
12310
12312
12313
12314
12315
12316
12317
12318
12319
12320
12369
12370
12371
12372
12373
12374
12375
12376
12385
12386
12387
12388
12389
12390
12391
12392
12393
12394
12395
12396
12397
12398
12399
12400
