5736
5743
5744
5799
5800
5827
5828
5829
5830
5831
5832
5835
5836
5837
5838
5839
5840
12977
12978
12979
12980
12981
12982
12983
12984
12985
12986
12987
12988
12989
12990
12991
12992
12993
12996
13001
13002
13003
13004
13005
13006
13007
13008
13057
13058
13059
13060
13061
13062
13063
13064
14006
14008
14009
14010
14011
14012
14013
14014
14015
14016
14065
14066
14067
14068
14069
14070
14071
14072
14081
14082
14083
14084
14085
14086
14087
14088
14089
14090
14091
14092
14093
14094
14095
14096
15089
15090
15091
15092
15093
15094
15095
15096
15097
15098
15099
15100
15101
15102
15103
15104
15105
15108
15113
15114
15115
15116
15117
15118
15119
15120
15169
15170
15171
15172
15173
15174
15175
15176
15528
