8966
8968
8974
8976
9030
9969
9970
9971
9972
9973
9974
9975
9976
9977
9978
9979
9980
9981
9982
9983
9984
9994
9996
9997
9998
9999
10000
10033
10049
10050
10051
10052
10053
10054
10055
10056
10057
10058
10059
10060
10062
11001
11002
11003
11004
11006
11007
11057
11058
11059
11060
11061
11062
11063
11064
11065
11069
11070
11071
11072
11073
11074
11075
11076
11077
11078
11079
11080
11081
11082
11083
11084
11085
11086
11087
11088
11142
12081
12082
12083
12084
12085
12086
12087
12088
12089
12090
12091
12092
12093
12094
12095
12096
12106
12108
12109
12110
12111
12112
12145
12161
12162
12163
12164
12165
12166
12167
12168
12169
12170
12171
12172
12174
