8792
8800
8815
8816
8836
8837
8838
8839
8840
8843
8845
8846
8847
9835
9836
9857
9858
9859
9860
9861
9862
9863
9864
9865
9866
9868
9869
9870
9871
9872
9873
9874
9875
9876
9879
9880
9881
9882
9883
9884
9885
9886
9887
9888
9909
9910
9911
10899
10900
10901
10902
10903
10904
10905
10906
10907
10908
10909
10910
10911
10912
10927
10928
10929
10930
10932
10945
10946
10947
10948
10949
10950
10951
10952
10953
10954
10955
10956
10957
10958
10959
11947
11948
11969
11970
11971
11972
11973
11974
11975
11976
11977
11978
11980
11981
11982
11983
11984
11985
11986
11987
11988
11991
11992
11993
11994
11995
11996
11997
11998
11999
12000
12021
12022
12023
