9112
9120
9124
9128
9131
9133
9134
9135
9136
9189
9190
9191
9192
10131
10133
10134
10135
10136
10137
10138
10139
10140
10141
10142
10143
10144
10160
10193
10194
10195
10196
10197
10199
10209
10210
10211
10212
10213
10214
10215
10216
10217
10218
10219
10220
10221
10222
10223
10224
11163
11217
11218
11219
11220
11221
11222
11223
11224
11225
11226
11227
11228
11229
11230
11231
11232
11233
11234
11235
11236
11240
11241
11242
11243
11244
11245
11246
11247
11248
11298
11299
11301
11302
11303
11304
12243
12245
12246
12247
12248
12249
12250
12251
12252
12253
12254
12255
12256
12272
12305
12306
12307
12308
12309
12311
12321
12322
12323
12324
12325
12326
12327
12328
12329
12330
12331
12332
12333
12334
12335
12336
