8696
8704
8708
8715
8717
8718
8719
8720
8740
8741
8742
8743
8744
9734
9736
9737
9738
9739
9740
9741
9742
9743
9744
9761
9762
9763
9764
9765
9766
9767
9768
9777
9778
9779
9780
9781
9782
9783
9784
9785
9786
9787
9788
9789
9790
9791
9792
10801
10802
10803
10804
10805
10806
10807
10808
10809
10810
10811
10812
10813
10814
10815
10816
10817
10820
10825
10826
10827
10828
10829
10830
10831
10832
10849
10850
10851
10852
10853
10854
10855
10856
11846
11848
11849
11850
11851
11852
11853
11854
11855
11856
11873
11874
11875
11876
11877
11878
11879
11880
11889
11890
11891
11892
11893
11894
11895
11896
11897
11898
11899
11900
11901
11902
11903
11904
