6291
6293
6294
6295
6296
6297
6298
6299
6300
6301
6302
6303
6304
6307
6309
6310
6313
6314
6315
6316
6317
6318
6326
6353
6354
6355
6356
6357
6359
6369
6370
6371
6372
6373
6385
6386
6387
6388
6389
6390
6391
6392
6393
6394
6395
6396
6397
6398
6399
6400
6401
6402
6409
6410
7521
7522
7523
7524
7525
7526
7527
7528
7529
7530
7531
7532
7533
7534
7535
7536
7546
7548
7549
7550
7551
7552
7553
7569
7570
7571
7572
7573
7574
7575
7576
7577
7578
7579
7580
7582
8569
8570
8571
8572
8574
8575
8593
8594
8595
8596
8597
8598
8599
8601
8605
8606
8607
8609
8610
8611
8617
8618
8620
