5521
5522
5523
5524
5525
5526
5527
5528
5529
5530
5531
5532
5533
5534
5535
5536
5537
5538
5539
5540
5541
5542
5545
5546
5547
5548
5549
5550
5554
5555
5557
5558
5559
5560
5578
5585
5601
5617
5618
5619
5620
5624
5625
5626
5627
5628
5629
5630
5631
5632
5633
5634
5641
5642
8019
8021
8022
8023
8024
8025
8026
8027
8028
8029
8030
8031
8032
8048
8081
8082
8083
8084
8085
8087
8097
8098
8099
8100
8101
8102
8103
8104
8105
8106
8107
8108
8109
8110
8111
8112
9051
9105
9106
9107
9108
9109
9110
9111
9113
9114
9115
9116
9117
9118
9119
9121
9122
9123
9129
9130
9132
9186
9187
