5543
5544
5551
5552
5580
5581
5582
5583
5584
5635
5636
5637
5638
5639
5640
5643
5644
5646
12841
12842
12843
12844
12846
12847
12865
12866
12867
12868
12869
12870
12871
12872
12873
12877
12878
12879
12880
12881
12882
12883
12884
12885
12886
12887
12888
12889
12890
12891
12892
12893
12894
12895
12896
12918
13905
13906
13907
13908
13909
13910
13911
13912
13913
13914
13915
13916
13917
13918
13919
13920
13930
13932
13933
13934
13935
13936
13937
13953
13954
13955
13956
13957
13958
13959
13960
13961
13962
13963
13964
13966
14953
14954
14955
14956
14958
14959
14977
14978
14979
14980
14981
14982
14983
14984
14985
14989
14990
14991
14992
14993
14994
14995
14996
14997
14998
14999
15000
15001
15002
15003
15004
15005
15006
15007
15008
15030
15270
15272
15278
15280
15334
