9296
9334
9336
9342
10298
10299
10300
10353
10354
10355
10356
10357
10358
10359
10360
10361
10362
10365
10366
10367
10368
10369
10370
10371
10372
10373
10375
10376
10377
10378
10379
10380
10381
10382
10383
10384
10405
10406
11378
11379
11380
11381
11382
11383
11384
11385
11386
11387
11388
11389
11390
11391
11392
11405
11407
11408
11425
11426
11441
11442
11443
11444
11445
11446
11447
11448
11449
11450
11451
11452
11453
11454
12410
12411
12412
12465
12466
12467
12468
12469
12470
12471
12472
12473
12474
12477
12478
12479
12480
12481
12482
12483
12484
12485
12487
12488
12489
12490
12491
12492
12493
12494
12495
12496
12517
12518
