6917
6919
6920
6926
6927
6928
6949
6950
7010
7011
7012
7013
7015
7016
7018
7019
7020
7021
7022
7023
7024
13458
13459
13460
13461
13462
13463
13464
13465
13466
13467
13468
13469
13470
13471
13472
13485
13487
13488
13521
13522
13537
13538
13539
13540
13541
13542
13543
13544
13545
13546
13547
13548
13549
13550
14490
14491
14492
14545
14546
14547
14548
14549
14550
14551
14552
14553
14554
14557
14558
14559
14560
14561
14562
14563
14564
14565
14567
14568
14569
14570
14571
14572
14573
14574
14575
14576
14629
14630
15570
15571
15572
15573
15574
15575
15576
15577
15578
15579
15580
15581
15582
15583
15584
15597
15599
15633
15634
15649
15650
15651
15652
15653
15655
15657
15658
15659
15660
15661
