6457
6458
6459
6460
6462
6463
6473
6474
6475
6476
6513
6514
6515
6516
6517
6518
6519
6520
6521
6525
6526
6527
6528
6529
6530
6531
6532
6534
6537
6541
6545
6546
6547
6548
6549
6550
6551
6552
6553
6554
6555
6556
6557
6558
6559
6560
6561
6569
6614
7857
7858
7859
7860
7861
7862
7863
7864
7865
7866
7867
7868
7869
7870
7871
7872
7882
7884
7885
7886
7887
7888
7921
7937
7938
7939
7940
7941
7942
7943
7944
7945
7946
7947
7948
7950
8889
8890
8891
8892
8894
8895
8945
8946
8947
8948
8949
8950
8951
8952
8953
8957
8958
8959
8960
8961
8962
8963
8964
8965
8967
8969
8970
8971
8972
8973
8975
