6587
6588
6603
6604
6641
6642
6643
6644
6645
6646
6647
6648
6649
6650
6651
6652
6653
6654
6655
6656
6657
6658
6659
6660
6662
6665
6666
6667
6668
6669
6673
6674
6675
6676
6679
6680
6681
6682
6683
6684
6685
6686
6687
6688
6689
6697
6738
6739
6741
6742
6743
6744
7987
7988
7989
7990
7991
7992
7993
7994
7995
7996
7997
7998
7999
8000
8015
8016
8049
8050
8051
8052
8053
8055
8065
8066
8067
8068
8069
8070
8071
8072
8073
8074
8075
8076
8077
8078
8079
8080
9019
9020
9073
9074
9075
9076
9077
9078
9079
9080
9081
9082
9083
9084
9085
9086
9087
9088
9089
9090
9091
9092
9095
9097
9098
9099
9100
9101
9103
9154
9155
9157
9159
