6834
6835
6836
6837
6838
6839
6840
6841
6842
6843
6844
6845
6846
6847
6848
6850
6851
6852
6854
6857
6858
6859
6860
6861
6877
6879
6880
6897
6898
6913
6914
6929
6930
6931
6932
6933
6934
6935
6936
6937
6938
6939
6940
6941
6942
6945
6953
8186
8187
8188
8241
8242
8243
8244
8245
8246
8247
8248
8249
8250
8253
8254
8255
8256
8257
8258
8259
8260
8261
8263
8264
8265
8266
8267
8268
8269
8270
8271
8272
8293
8294
9266
9267
9268
9269
9270
9271
9272
9273
9274
9275
9276
9277
9278
9279
9280
9293
9295
9313
9314
9329
9330
9331
9332
9333
9335
9337
9338
9339
9340
9341
