5586
5587
5588
5589
5590
5591
5592
5593
5594
5595
5596
5597
5598
5599
5600
5602
5603
5604
5605
5606
5609
5610
5611
5612
5613
5614
5621
5622
5623
5649
5650
5652
5665
5666
5668
5681
5682
5683
5684
5685
5687
5688
5689
5690
5691
5692
5693
5694
5695
5696
5697
5698
5705
5706
7954
7955
7956
7957
7958
7959
7960
7961
7962
7963
7964
7965
7966
7967
7968
7981
7983
7984
8017
8018
8020
8033
8034
8035
8036
8037
8038
8039
8040
8041
8042
8043
8044
8045
8046
8047
8986
8987
8988
9041
9042
9043
9044
9045
9046
9047
9049
9050
9052
9053
9054
9055
9057
9058
9059
9065
9066
9068
