9598
9600
9606
9608
9614
10617
10618
10619
10620
10621
10622
10623
10624
10641
10642
10643
10644
10645
10646
10647
10648
10649
10650
10652
10653
10654
10655
10656
10657
10658
10659
10660
10661
10662
10663
10664
10665
10666
10667
10668
10669
10670
10671
10672
11681
11682
11683
11684
11685
11686
11687
11688
11689
11690
11691
11692
11693
11694
11695
11696
11705
11706
11707
11708
11709
11710
11711
11712
11713
11714
11715
11716
11717
11718
11719
11720
11721
11722
11723
11724
11725
11726
11727
12729
12730
12731
12732
12733
12734
12735
12736
12753
12754
12755
12756
12757
12758
12759
12760
12761
12762
12764
12765
12766
12767
12768
12769
12770
12771
12772
12773
12774
12775
12776
12777
12778
12779
12780
12781
12782
12783
12784
