6469
6471
6472
6480
6498
6499
6500
6501
6502
6503
6504
6506
6507
6508
6509
6510
6511
6512
13809
13810
13811
13812
13813
13814
13815
13816
13817
13818
13819
13820
13821
13822
13823
13824
13825
13828
13833
13834
13835
13836
13837
13838
13839
13840
14854
14856
14857
14858
14859
14860
14861
14862
14863
14864
14881
14882
14883
14884
14885
14886
14887
14888
14889
14890
14891
14892
14893
14894
14895
14896
15921
15922
15923
15924
15925
15926
15927
15928
15929
15930
15931
15932
15933
15934
15935
15936
15937
15940
15945
15946
15947
15948
15949
15950
15951
15952
