8864
8920
8928
8932
8933
8934
8935
8936
8939
8941
8942
8943
8944
9937
9938
9939
9940
9941
9942
9943
9944
9945
9946
9947
9948
9949
9950
9951
9952
9961
9962
9963
9964
9965
9966
9967
9968
10017
10018
10019
10020
10021
10022
10023
10024
10025
10027
10969
10970
10971
10972
10973
10974
10975
10976
11025
11026
11027
11028
11029
11030
11031
11032
11037
11040
11041
11042
11043
11044
11045
11046
11047
11048
11049
11050
11051
11052
11053
11054
11055
11056
12049
12050
12051
12052
12053
12054
12055
12056
12057
12058
12059
12060
12061
12062
12063
12064
12073
12074
12075
12076
12077
12078
12079
12080
12129
12130
12131
12132
12133
12134
12135
12136
12137
12139
