9230
9232
9286
9288
9294
10233
10234
10235
10236
10237
10238
10239
10240
10289
10290
10291
10292
10293
10294
10295
10296
10297
10301
10302
10303
10304
10305
10306
10307
10308
10309
10310
10311
10312
10313
10314
10315
10316
10317
10318
10319
10320
10374
11313
11314
11315
11316
11317
11318
11319
11320
11321
11322
11323
11324
11325
11326
11327
11328
11337
11338
11339
11340
11341
11342
11343
11344
11377
11393
11394
11395
11396
11397
11398
11399
11400
11401
11402
11403
11404
11406
12345
12346
12347
12348
12349
12350
12351
12352
12401
12402
12403
12404
12405
12406
12407
12408
12409
12413
12414
12415
12416
12417
12418
12419
12420
12421
12422
12423
12424
12425
12426
12427
12428
12429
12430
12431
12432
12486
