8760
8768
8781
8783
8784
8804
8805
8806
8807
8808
8811
8813
8814
9802
9803
9804
9825
9826
9827
9828
9829
9830
9831
9832
9833
9834
9837
9838
9839
9840
9841
9842
9843
9844
9845
9847
9848
9849
9850
9851
9852
9853
9854
9855
9856
9877
9878
10866
10867
10868
10869
10870
10871
10872
10873
10874
10875
10876
10877
10878
10879
10880
10893
10895
10896
10897
10898
10913
10914
10915
10916
10917
10918
10919
10920
10921
10922
10923
10924
10925
10926
11914
11915
11916
11937
11938
11939
11940
11941
11942
11943
11944
11945
11946
11949
11950
11951
11952
11953
11954
11955
11956
11957
11959
11960
11961
11962
11963
11964
11965
11966
11967
11968
11989
11990
