6981
6983
6984
6990
6991
6992
7014
7045
7047
7048
7074
7075
7076
7077
7078
7079
7080
7082
7083
7084
7085
7086
7087
7088
13393
13394
13395
13396
13397
13398
13399
13400
13401
13402
13403
13404
13405
13406
13407
13408
13417
13418
13419
13420
13421
13422
13423
13424
13457
13473
13474
13475
13476
13477
13478
13479
13480
13481
13482
13483
13484
13486
14425
14426
14427
14428
14429
14430
14431
14432
14481
14482
14483
14484
14485
14486
14487
14488
14489
14493
14494
14495
14496
14497
14498
14499
14500
14501
14502
14503
14504
14505
14506
14507
14508
14509
14510
14511
14512
14566
15505
15506
15507
15508
15509
15510
15511
15512
15513
15514
15515
15516
15517
15518
15519
15520
15529
15530
15531
15532
15533
15535
15569
15585
15586
15587
15588
15589
15591
15593
15594
15595
15596
