0.875805300871650
0.816664578263090
0.766722246132690
0.825894588553570
0.983217875639680
1.18557921457330
1.34353108057490
1.40162379153670
1.39721257758940
1.41251535005860
1.47477793997010
1.53298163648460
1.53242940277680
1.48526342495500
1.45380208078750
1.47364023818530
1.51245263924420
1.51061919249280
1.44991617738110
1.37171908828330
1.33145796948540
1.34206274559000
1.36147805286550
1.33062060655070
1.22477873493250
1.07085596084650
0.921004520110690
0.815873720494300
0.770312133035040
0.778475564887880
0.820969647489710
0.870685313450420
0.903757164319900
0.911266950538140
0.900886331546920
0.886550399717580
0.874652744447690
0.858761949525180
0.826434383847100
0.769887077919610
0.691374487852450
0.601224446118010
0.511787917835970
0.432157451088390
0.366526136931480
0.315379791844380
0.277354349853120
0.250567715795760
0.233293597935450
0.224236642388910
0.222425046074310
0.227228116081620
0.238376563341070
0.255887236984720
0.279993595342320
0.311074461954720
0.349569834236870
0.395872019985810
0.450182913627180
0.512153274721280
0.580729526859560
0.654279639552610
0.730471278168110
0.806314908970580
0.878410591471190
0.943323685561520
0.998004664714150
1.04014705528580
1.06840305909860
1.08243097888760
1.08276759042670
1.07019134666880
1.04539726865780
1.00961050223530
0.964554811668780
0.912289336449570
0.855020361604540
0.794915141158960
0.733944511564100
0.673773366421000
0.615705830498170
0.560680023727560
0.509299531693030
0.461886284102500
0.418541310632670
0.379203679239130
0.343702001892210
0.311796185552900
0.283209299217050
0.257650634595270
0.234831532356260
0.214475602897830
0.196324801575690
0.180142561178920
0.165714917775430
0.152850327963970
0.141378679797110
0.131149846883090
0.122032020173630
0.113909967471150
0.106683309570900
0.100264857976390
0.0945790273356870
0.0895603125297580
0.0851518034528110
0.0813036991855660
0.0779717783792250
0.0751157870294090
0.0726977230360530
0.0706800345406920
0.0690238098820280
0.0676871185339870
0.0666237492146880
0.0657826511643310
0.0651083731477460
0.0645426760939350
0.0640272725352540
0.0635073805443290
0.0629355723509380
0.0622753303091570
0.0615038042300100
0.0606134289895100
0.0596122268930080
0.0585227481329700
0.0573797176070070
0.0562265983308150
0.0551114514731820
0.0540826101131100
0.0531847055446220
0.0524554552882490
0.0519233884012660
0.0516064498931420
0.0515112876185840
0.0516330214069710
0.0519554021528400
0.0524514237697030
0.0530845742851020
0.0538109345933410
0.0545822208892270
0.0553496457725220
0.0560682303850280
0.0567010431034080
0.0572228320613660
0.0576226387445680
0.0579051493666130
0.0580906898391480
0.0582138871277160
0.0583211416410330
0.0584672130029660
0.0587113904144490
0.0591138207014610
0.0597325271994270
0.0606214623252580
0.0618296661330430
0.0634013540654320
0.0653766012093520
0.0677922414886410
0.0706826281134950
0.0740799633784930
0.0780139703156930
0.0825107354233180
0.0875906098299620
0.0932651387644220
0.0995331255616800
0.106376151763370
0.113754172345710
0.121602141784400
0.129828893468010
0.138319525460570
0.146942180874910
0.155559316217340
0.164042512314110
0.172288974735930
0.180237457408610
0.187881537995060
0.195278775560170
0.202554954629930
0.209903160078850
0.217577874128240
0.225884803581630
0.235167784660150
0.245794681554580
0.258144353997340
0.272596295034840
0.289523518170670
0.309288050942860
0.332237350195370
0.358699303325730
0.388973225976810
0.423314318688130
0.461909350441200
0.504841967775900
0.552047192918410
0.603256656465060
0.657939118217030
0.715244746364980
0.773965697005800
0.832528189535690
0.889030394509700
0.941334396425620
0.987209569453580
1.02451200738110
1.05137503010190
1.06638302252930
1.06870513193430
1.05817339545900
1.03529779394810
1.00121693245060
0.957588754094220
0.906432816382530
0.849944044615790
0.790304449912180
0.729520068261180
0.669303693696030
0.611012122966520
0.555634346298930
0.503818594644470
0.455922990012830
0.412075830584250
0.372235206525390
0.336241770796680
0.303861930214730
0.274821074794700
0.248827798175670
0.225590641850850
0.204829001746320
0.186279689460380
0.169700390270030
0.154870991908450
0.141593515054650
0.129691174983640
0.119006946060620
0.109401882142130
0.100753359502340
0.0929533475308850
0.0859067699027300
0.0795299901191820
0.0737494363305730
0.0685003682320130
0.0637257814257320
0.0593754404300280
0.0554050294035730
0.0517754088946980
0.0484519670053270
0.0454040539335120
0.0426044896986660
0.0400291358119180
0.0376565226376540
0.0354675251453490
0.0334450806415260
0.0315739428848100
0.0306907842760260