4.19967951113942
4.17951265955360
4.13958165135492
4.10016669833236
4.06084928543354
4.02157862378824
3.98258516348136
3.94414109282651
3.90641173400642
3.86933048869914
3.83264317938030
3.79617230129044
3.75998175579385
3.72424603000876
3.68900468226783
3.65410137591674
3.61937792634772
3.58485771969519
3.55068401582561
3.51697482745929
3.48370403028262
3.45070686457604
3.41785551834472
3.38516554092173
3.35273271928638
3.32066496101191
3.28905095882400
3.25799173798298
3.22754957983943
3.19764677782227
3.16818101421428
3.13914332028931
3.11058621096031
3.08256655077514
3.05511248922437
3.02820922071057
3.00180693265219
2.97585703565948
2.95034050018909
2.92526281843961
2.90063748620708
2.87647715033395
2.85278956122010
2.82957527998802
2.80682821582997
2.78453799192432
2.76269200866569
2.74127650591529
2.72027703376547
2.69977249597708
2.67983885407098
2.66045548547005
2.64160292013255
2.62326396023489
2.60542338966384
2.58806752709251
2.57118376716517
2.55476020596666
2.53878538587602
2.52329072378073
2.50831641808192
2.49385715841966
2.47989626440891
2.46641749005113
2.45340500116246
2.44084333989365
2.42871739255220
2.41701237775775
2.40571386133023
2.39480779035646
2.38422677984648
2.37377797739823
2.36332901028014
2.35287993388684
2.34243083318441
2.33198182160205
2.32153303120468
2.31108459798606
2.30063664710642
2.29018928190084
2.27974257835669
2.26929658470597
2.25885132458750
2.24840680200069
2.23796300664335
2.22751991878415
2.21707751329851
2.20663576280801
2.19619464002126
2.18575411943023
2.17531417851692
2.16487479860153
2.15443596543204
2.14399766958415
2.13355990671086
2.12312267765304
2.11268598839424
2.10224984981301
2.09181427715309
2.08137928909574
2.07094490628111
2.06051114909294
2.05007803450349
2.03964557179321
2.02921375703986
2.01878256644956
2.00835194891239
1.99792181862106
1.98749204915549
1.97706247097751
1.96663287455095
1.95620302096565
1.94577266070783
1.93534155908618
1.92490952433427
1.91447643265556
1.90404224461736
1.89360700972982
1.88317085981734
1.87273399497441
1.86229666682808
1.85185916223876
1.84142178770621
1.83098485247228
1.82054864798816
1.81011342321653
1.79967935812994
1.78924654009521
1.77881494831576
1.76838444999872
1.75795480937730
1.74752570840227
1.73709677651217
1.72666762629775
1.71623789156371
1.70580726386124
1.69537552309063
1.68494255780520
1.67450837205913
1.66407307824545
1.65363687866254
1.64320004105531
1.63276287374287
1.62232570391792
1.61188885942698
1.60145265166985
1.59101735669194
1.58058319343506
1.57015030144947
1.55971872321810
1.54928839678212
1.53885916202842
1.52843077993408
1.51800296031748
1.50757539185985
1.49714776870034
1.48671981000722
1.47629127142715
1.46586194932546
1.45543167988335
1.44500033547120
1.43456782052537
1.42413406868198
1.41369904233227
1.40326273511137
1.39282517709317
1.38238644162206
1.37194665186806
1.36150598463666
1.35106466912136
1.34062297943277
1.33018122162100
1.31973971762049
1.30929878897516
1.29885874186774
1.28841985258310
1.27798235069409
1.26754639756064
1.25711206072797
1.24667928939718
1.23624789976028
1.22581757887334
1.21538791086378
1.20495842156299
1.19452863109155
1.18409810184665
1.17366647229810
1.16323347279771
1.15279892520073
1.14236273147013
1.13192485722592
1.12148531518797
1.11104415169573
1.10060143772976
1.09015726442736
1.07971174198772
1.06926500002911
1.05881718694282
1.04836846584719
1.03791900571958
1.02746896823990
1.01701849324801
1.00656768735580
0.996116620087313
0.985665329726455
0.975213837697694
0.964762167222467
0.954310360423546
0.943858488579995
0.933406652676474
0.922954974803564
0.912503583934987
0.902052600893282
0.891602126578351
0.881152235499926
0.870702974530163
0.860254365455341
0.849806409546259
0.839359092674428
0.828912390048951
0.818466270145384
0.808020697731470
0.797575636070833
0.787131048453218
0.776686899207090
0.766243154331014
0.755799781853090
0.745356752001601
0.734914037248115
0.724471612267212
0.714029453844069
0.703587540751707
0.693145853612831
0.682704374756284
0.672263088074674
0.661821978887287
0.651381033810738
0.640940240638620
0.630499588230676
0.620059066411504
0.609618665878469
0.599178378118314
0.588738195331886
0.578298110366311
0.567858116653964
0.557418208157593
0.546978379321019
0.536538625024824
0.526098940546531
0.515659321524798
0.505219763927208
0.500000000000000