WallIDX	TGTConc	PrjFlux	EroFlux_w_by_n	EroFluxPartial_w_by_n
0	1.41929e-22	0.0403582	-4.99027e-54	-3.51604e-32
1	-3.9412e-22	0.0397059	-1.97428e-55	5.00934e-34
2	-6.1445e-22	0.0733025	-1.30462e-54	2.12324e-33
3	1.15096e-21	0.128052	-6.1798e-51	-5.36924e-30
4	3.41045e-21	0.0954432	1.58389e-52	4.64422e-32
5	-1.96414e-21	0.0848447	-8.68491e-54	4.42175e-33
6	2.75741e-21	0.0999121	-1.00579e-52	-3.64759e-32
7	-2.49198e-21	0.107406	8.66771e-53	-3.47824e-32
8	3.40649e-22	0.0828384	-9.32247e-55	-2.73668e-33
9	8.52101e-24	0.062995	-2.37744e-56	-2.7901e-33
10	4.37205e-23	0.0612321	-4.96548e-55	-1.13573e-32
11	2.27592e-23	0.0417725	-1.13991e-55	-5.00859e-33
12	6.44457e-24	0.0175458	-2.04377e-58	-3.17131e-35
13	5.61701e-24	0.0121506	-2.98885e-59	-5.32107e-36
14	-2.24872e-25	0.0135193	1.89057e-60	-8.40732e-36
15	-5.52883e-23	0.0396348	-2.35428e-55	4.25818e-33
16	-5.7832e-23	0.0325741	-8.12599e-57	1.4051e-34
17	-6.4452e-23	0.0383719	1.5631e-56	-2.42522e-34
18	-1.17981e-22	0.0618383	9.23164e-55	-7.82466e-33
19	-8.49088e-23	0.0626023	2.63955e-55	-3.10868e-33
20	-2.41709e-21	0.0891925	5.12773e-53	-2.12145e-32
21	2.52161e-21	0.158339	-5.10272e-51	-2.0236e-30
22	-3.37308e-21	0.217844	8.36952e-50	-2.48127e-29
23	5.72958e-21	0.0909704	2.13105e-52	3.71939e-32
24	-1.87593e-21	0.0536473	-3.18212e-52	1.69629e-31
25	3.08416e-23	0.034653	-8.00933e-56	-2.59692e-33
26	5.03292e-24	0.0237165	-2.4025e-57	-4.77358e-34
27	-3.57435e-24	0.0145514	4.06739e-59	-1.13794e-35
28	1.33473e-24	0.0110269	-5.74589e-60	-4.3049e-36
29	3.01979e-24	0.0130003	-1.15772e-58	-3.83377e-35
30	-1.2964e-22	0.0367675	-3.45524e-54	2.66527e-32
31	-9.97589e-24	0.0278524	6.91517e-57	-6.93188e-34
32	-2.2847e-23	0.0346229	7.83791e-56	-3.43061e-33
33	3.69085e-22	0.0451223	9.09386e-53	2.4639e-31
34	-1.28872e-22	0.0575539	3.30868e-54	-2.56741e-32
35	7.56507e-21	0.0821807	2.45186e-53	3.24102e-33
36	-2.91358e-21	0.129399	-2.60074e-52	8.92627e-32
37	2.24072e-21	0.166683	-2.28656e-51	-1.02046e-30
38	-2.68841e-22	0.0950981	-8.17138e-55	3.03949e-33
39	-2.31431e-23	0.0592823	2.69682e-55	-1.16528e-32
40	-3.24402e-22	0.0442077	4.28676e-53	-1.32143e-31
41	1.12084e-23	0.0296151	3.21304e-56	2.86664e-33
42	1.6446e-24	0.0146782	1.51895e-59	9.23596e-36
43	3.57425e-24	0.00992623	-1.90577e-59	-5.33194e-36
44	1.1241e-24	0.0123463	-1.90866e-59	-1.69795e-35
45	-6.70285e-24	0.0369926	1.16099e-55	-1.73208e-32
46	2.95764e-23	0.0317949	-6.96535e-57	-2.35503e-34
47	8.60804e-23	0.0482833	-3.62227e-55	-4.20801e-33
48	-5.48986e-22	0.062635	-9.82305e-54	1.78931e-32
49	-1.3868e-22	0.065283	-3.15656e-54	2.27615e-32
50	-2.24106e-22	0.0715101	3.3118e-55	-1.47778e-33
51	5.78523e-22	0.107311	1.52769e-53	2.64068e-32
52	-1.88342e-21	0.13032	1.26719e-51	-6.72816e-31
53	-6.20902e-23	0.0879986	3.05621e-54	-4.9222e-32
54	-6.13053e-22	0.0609779	-5.36085e-53	8.74452e-32
55	4.16538e-23	0.0535009	-1.60965e-55	-3.86435e-33
56	2.07513e-23	0.0420107	-5.47059e-55	-2.63626e-32
57	4.79403e-24	0.0186616	-3.95918e-58	-8.25857e-35
58	-6.0752e-25	0.0119029	2.86193e-60	-4.71085e-36
59	-1.37807e-24	0.0131696	1.31368e-59	-9.53274e-36
60	-1.80618e-22	0.0426389	-5.63555e-54	3.12015e-32
61	1.53238e-22	0.0412626	-4.24615e-56	-2.77095e-34
62	-7.5923e-21	0.125397	6.51847e-50	-8.58562e-30
63	-8.02974e-22	0.198031	-9.03943e-50	1.12574e-28
64	1.53193e-22	0.135063	2.25815e-52	1.47405e-30
65	-9.68705e-22	0.09121	3.96256e-54	-4.09057e-33
66	1.19766e-21	0.157942	3.31436e-52	2.76735e-31
67	-3.53845e-21	0.199547	8.20499e-51	-2.31881e-30
68	2.81051e-22	0.103895	7.8835e-55	2.80501e-33
69	-1.7905e-22	0.084524	3.74086e-54	-2.08929e-32
70	5.71088e-23	0.148229	-1.82229e-51	-3.19091e-29
71	-5.01208e-22	0.110164	-1.21026e-48	2.41468e-27
72	2.14676e-23	0.0404376	-3.64924e-54	-1.69988e-31
73	4.18128e-24	0.0140591	-2.68572e-58	-6.42321e-35
74	9.94172e-25	0.0148133	-7.91633e-59	-7.96274e-35
75	1.08613e-22	0.0448251	1.31528e-54	1.21098e-32
76	-4.23675e-22	0.0437872	2.69128e-55	-6.35223e-34
77	1.82498e-20	0.115475	2.96473e-50	1.62453e-30
78	7.03857e-22	0.200005	5.99659e-50	8.51961e-29
79	-6.2136e-23	0.118671	2.0564e-54	-3.30952e-32
80	-6.21695e-23	0.0837455	1.92084e-55	-3.08968e-33
81	1.6202e-22	0.101082	3.18499e-54	1.9658e-32
82	7.73232e-23	0.1141	-2.56512e-56	-3.3174e-34
83	-2.9467e-24	0.090129	-1.50954e-55	5.12283e-32
84	7.25243e-23	0.0665918	6.22835e-55	8.58795e-33
85	-1.52619e-21	0.101852	3.24934e-51	-2.12905e-30
86	7.11833e-23	0.089276	-6.76558e-52	-9.50445e-30
87	1.32493e-23	0.028284	-1.17875e-56	-8.8967e-34
88	4.96979e-24	0.0148319	-3.15707e-58	-6.35251e-35
89	5.19486e-24	0.0147969	-3.80329e-58	-7.32125e-35
90	0.824996	4.63371	0.00312725	0.00379062
91	0.733935	0.310369	0.000408811	0.000557013
92	0.81526	0.00374733	2.20371e-06	2.70308e-06
93	0.982029	0.000273304	1.46068e-07	1.48741e-07
