WallIDX	TGTConc	PrjFlux	EroFlux_w_by_d	EroFluxPartial_w_by_d
0	1.41929e-22	13.9803	9.91442e-46	6.98549e-24
1	-3.9412e-22	9.01952	-1.60914e-55	4.08287e-34
2	-6.1445e-22	6.21475	-1.45476e-54	2.36758e-33
3	1.15096e-21	6.35323	6.64861e-46	5.77655e-25
4	3.41045e-21	9.299	1.75948e-45	5.15907e-25
5	-1.96414e-21	13.6615	1.44116e-45	-7.33738e-25
6	2.75741e-21	16.7597	4.24237e-44	1.53853e-23
7	-2.49198e-21	17.1124	2.94773e-45	-1.18288e-24
8	3.40649e-22	15.4448	2.21883e-46	6.51354e-25
9	8.52101e-24	10.6219	2.83529e-48	3.32742e-25
10	4.37205e-23	5.75396	5.79781e-55	1.32611e-32
11	2.27592e-23	3.00571	1.11379e-55	4.89381e-33
12	6.44457e-24	2.98799	3.98696e-58	6.18653e-35
13	5.61701e-24	5.30153	8.36599e-59	1.4894e-35
14	-2.24872e-25	8.43508	-4.67469e-61	2.07883e-36
15	-5.52883e-23	13.8464	3.84355e-47	-6.95183e-25
16	-5.7832e-23	8.87778	-2.33176e-58	4.03196e-36
17	-6.4452e-23	6.07158	-3.45054e-57	5.35366e-35
18	-1.17981e-22	6.19288	-2.53066e-55	2.14497e-33
19	-8.49088e-23	9.14522	-5.07588e-47	5.97804e-25
20	-2.41709e-21	13.5176	-4.29671e-45	1.77764e-24
21	2.52161e-21	16.6654	9.80514e-44	3.88845e-23
22	-3.37308e-21	17.0426	1.14709e-43	-3.40072e-23
23	5.72958e-21	15.3143	-1.02395e-43	-1.78714e-23
24	-1.87593e-21	10.4793	3.55247e-43	-1.89371e-22
25	3.08416e-23	5.62681	1.26342e-55	4.09648e-33
26	5.03292e-24	2.87192	5.93258e-57	1.17876e-33
27	-3.57435e-24	2.849	-1.15455e-58	3.23009e-35
28	1.33473e-24	5.15974	2.73885e-59	2.05198e-35
29	3.01979e-24	8.31091	2.19025e-58	7.25297e-35
30	-1.2964e-22	13.9009	1.10526e-45	-8.52564e-24
31	-9.97589e-24	8.88477	-1.11908e-57	1.12179e-34
32	-2.2847e-23	6.08309	-2.72588e-57	1.1931e-34
33	3.69085e-22	6.21177	-2.89711e-44	-7.84946e-23
34	-1.28872e-22	9.16065	-3.68468e-46	2.85917e-24
35	7.56507e-21	13.5226	1.25545e-44	1.65954e-24
36	-2.91358e-21	16.6724	-5.48313e-45	1.88192e-24
37	2.24072e-21	17.0544	6.50834e-44	2.90458e-23
38	-2.68841e-22	15.3251	4.09724e-46	-1.52404e-24
39	-2.31431e-23	10.4866	-8.1354e-47	3.51526e-24
40	-3.24402e-22	5.62829	-1.26525e-44	3.90025e-23
41	1.12084e-23	2.88747	-4.35439e-56	-3.88495e-33
42	1.6446e-24	2.86339	1.80601e-58	1.09815e-34
43	3.57425e-24	5.16145	3.01623e-59	8.4388e-36
44	1.1241e-24	8.33536	2.33046e-60	2.07318e-36
45	-6.70285e-24	13.9549	-1.31976e-47	1.96895e-24
46	2.95764e-23	9.02781	4.79503e-57	1.62124e-34
47	8.60804e-23	6.2166	1.98566e-55	2.30675e-33
48	-5.48986e-22	6.36544	-1.12509e-45	2.0494e-24
49	-1.3868e-22	9.30881	7.70146e-46	-5.55342e-24
50	-2.24106e-22	13.6674	9.35801e-46	-4.17571e-24
51	5.78523e-22	16.7541	-1.0632e-45	-1.83779e-24
52	-1.88342e-21	17.106	-4.4717e-44	2.37424e-23
53	-6.20902e-23	15.4637	-6.48863e-46	1.04503e-23
54	-6.13053e-22	10.6587	2.65469e-44	-4.33027e-23
55	4.16538e-23	5.7596	-2.78438e-55	-6.68457e-33
56	2.07513e-23	3.01469	-1.11041e-55	-5.35105e-33
57	4.79403e-24	3.00184	5.45351e-60	1.13756e-36
58	-6.0752e-25	5.32994	4.46949e-61	-7.35695e-37
59	-1.37807e-24	8.45283	4.45699e-72	-3.23422e-48
60	-1.80618e-22	13.7351	1.05207e-45	-5.82482e-24
61	1.53238e-22	8.72894	3.72768e-56	2.43261e-34
62	-7.5923e-21	5.9071	1.40537e-44	-1.85104e-24
63	-8.02974e-22	6.02396	2.2533e-45	-2.80619e-24
64	1.53193e-22	9.00792	-7.38851e-47	-4.82299e-25
65	-9.68705e-22	13.3722	-1.58251e-45	1.63364e-24
66	1.19766e-21	16.5507	-1.54272e-44	-1.28811e-23
67	-3.53845e-21	16.9798	-1.52376e-44	4.30631e-24
68	2.81051e-22	15.0854	1.37068e-46	4.87698e-25
69	-1.7905e-22	10.2214	7.18605e-46	-4.01344e-24
70	5.71088e-23	5.4742	-2.02919e-46	-3.5532e-24
71	-5.01208e-22	2.76489	6.8534e-44	-1.36738e-22
72	2.14676e-23	2.71832	2.13569e-54	9.94844e-32
73	4.18128e-24	5.02115	1.73803e-58	4.15669e-35
74	9.94172e-25	8.19662	5.76527e-72	5.79907e-48
75	1.08613e-22	13.8928	-1.93299e-45	-1.7797e-23
76	-4.23675e-22	8.89351	1.56389e-55	-3.69125e-34
77	1.82498e-20	6.0081	7.63547e-45	4.18387e-25
78	7.03857e-22	6.08708	-6.0563e-46	-8.60444e-25
79	-6.2136e-23	9.02714	-1.62534e-47	2.61578e-25
80	-6.21695e-23	13.3826	5.45588e-47	-8.77582e-25
81	1.6202e-22	16.6333	-4.14957e-46	-2.56114e-24
82	7.73232e-23	17.0166	2.76447e-47	3.57521e-25
83	-2.9467e-24	15.1867	3.05743e-47	-1.03758e-23
84	7.25243e-23	10.3578	-1.22504e-45	-1.68914e-23
85	-1.52619e-21	5.5398	7.11904e-45	-4.66457e-24
86	7.11833e-23	2.78787	3.67413e-52	5.1615e-30
87	1.32493e-23	2.74088	6.48797e-60	4.89683e-37
88	4.96979e-24	5.05747	-1.09544e-71	-2.20419e-48
89	5.19486e-24	8.23544	-6.00642e-71	-1.15622e-47
90	0.824996	1682.85	-4.73263e-22	-5.73655e-22
91	0.733935	53.2958	-3.50271e-24	-4.7725e-24
92	0.81526	1.18757	-2.42243e-28	-2.97136e-28
93	0.982029	1.18757	-3.51206e-27	-3.57633e-27
