WallIDX	Charge	al	n	w
0	0	0.0104909	0.0140119	1.82149e-25
0	1	0.025861	0.0259364	-2.20582e-25
0	2	0.000703545	0.000409989	4.46958e-27
0	3	0	0	0
1	0	0.00924086	0.0140601	2.84343e-26
1	1	0.02532	0.0254463	-7.50469e-26
1	2	0.000340489	0.000199494	2.96494e-27
1	3	0	0	0
2	0	0.0147171	0.0233199	-3.26899e-27
2	1	0.0345417	0.0495375	1.2654e-26
2	2	0.000862571	0.000428003	2.689e-27
2	3	0	1.70158e-05	0
3	0	0.0282625	0.0384352	-3.23768e-27
3	1	0.0644764	0.0886813	4.04205e-26
3	2	0.000725448	0.000935314	-5.83441e-27
3	3	0	0	0
4	0	0.0192926	0.0304452	2.73178e-26
4	1	0.0442827	0.0643844	1.5111e-25
4	2	0.000645277	0.000613578	2.49051e-27
4	3	0	0	0
5	0	0.0184566	0.0293771	2.33055e-25
5	1	0.0416787	0.0548633	1.74309e-25
5	2	0.000651408	0.000604274	3.04859e-27
5	3	0	0	0
6	0	0.0233855	0.034092	8.40194e-25
6	1	0.0518493	0.0651669	7.91805e-25
6	2	0.000718963	0.000653229	9.80335e-27
6	3	0	0	0
7	0	0.0247755	0.0346913	-1.39093e-25
7	1	0.0529003	0.0720129	-1.78433e-25
7	2	0.00075138	0.000701413	2.02855e-27
7	3	0	0	0
8	0	0.0202783	0.0260901	-7.05714e-25
8	1	0.0447159	0.0560768	-6.24221e-25
8	2	0.00034659	0.000671479	-1.01223e-27
8	3	0	0	0
9	0	0.0128483	0.0201205	-1.55824e-24
9	1	0.0336506	0.0426108	-1.14448e-24
9	2	0.000409103	0.000263623	-7.59084e-27
9	3	0	0	0
10	0	0.0115149	0.0182995	-4.32316e-25
10	1	0.0303221	0.0425395	-7.87079e-25
10	2	0.000566987	0.000393123	-3.16736e-26
10	3	0	0	0
11	0	0.00783081	0.0127695	-1.23218e-25
11	1	0.0209687	0.0286439	-3.43555e-25
11	2	0.000324812	0.000359104	-3.45023e-27
11	3	0	0	0
12	0	0.00302763	0.00541387	-3.5228e-26
12	1	0.0104345	0.0119029	-2.11879e-25
12	2	0.000246845	0.000229031	-1.97308e-26
12	3	0	0	0
13	0	0.0026431	0.00412543	-1.40601e-26
13	1	0.00802817	0.00782444	-9.05571e-26
13	2	0.000120514	0.0002007	-1.70772e-28
13	3	0	0	0
14	0	0.00363457	0.00478888	-5.55878e-36
14	1	0.00799616	0.00856756	-8.35049e-26
14	2	0.000180848	0.000162887	1.35099e-28
14	3	0	0	0
15	0	0.0112604	0.0139512	-4.30345e-26
15	1	0.0240695	0.0253964	1.70406e-25
15	2	0.000478143	0.000287155	1.89602e-27
15	3	0	0	0
16	0	0.00783132	0.0119102	-6.80025e-26
16	1	0.02205	0.0205	8.46554e-26
16	2	0.000347395	0.000163911	2.59398e-27
16	3	0	0	0
17	0	0.00866447	0.0124167	-2.50211e-25
17	1	0.0224779	0.0257747	-2.14912e-27
17	2	0.000429626	0.000180575	4.00632e-27
17	3	0	0	0
18	0	0.0128211	0.0196126	-1.11461e-24
18	1	0.0307214	0.0416104	-1.87433e-26
18	2	0.000707527	0.000615248	9.83179e-27
18	3	0	0	0
19	0	0.0132748	0.0217698	-1.44003e-25
19	1	0.0312711	0.0405829	3.39906e-25
19	2	0.000493194	0.000249693	1.49805e-26
19	3	0	0	0
20	0	0.0191641	0.0301716	3.4062e-25
20	1	0.0415302	0.0586176	8.34612e-25
20	2	0.000473167	0.000403293	6.43792e-27
20	3	0	0	0
21	0	0.0343314	0.0462605	1.5931e-24
21	1	0.0838897	0.111057	3.21678e-24
21	2	0.00112807	0.00102135	-1.19904e-26
21	3	0	0	0
22	0	0.04129	0.0562985	-9.5626e-25
22	1	0.127228	0.159775	-4.39892e-24
22	2	0.000963116	0.00177043	-8.54189e-26
22	3	0	0	0
23	0	0.0214487	0.0308538	-1.9326e-24
23	1	0.0444938	0.0595495	-5.4783e-24
23	2	0.000505918	0.000567082	-1.00833e-25
23	3	0	0	0
24	0	0.013459	0.017981	-7.92187e-24
24	1	0.0279547	0.035427	-9.54975e-24
24	2	0.000653148	0.000239207	-2.74507e-25
24	3	0	0	0
25	0	0.0074707	0.0119628	-9.60385e-25
25	1	0.0191049	0.0224905	-4.29012e-24
25	2	0.000573404	0.000199749	-1.70034e-25
25	3	0	0	0
26	0	0.00430815	0.00718749	1.0725e-25
26	1	0.0117945	0.016294	-1.43749e-24
26	2	0.000403353	0.000234977	-1.75801e-25
26	3	0	0	0
27	0	0.00213385	0.00388409	8.50309e-27
27	1	0.00780985	0.0104805	-1.87202e-25
27	2	0.000258237	0.000186823	-3.76565e-26
27	3	0	0	0
28	0	0.0028232	0.00378868	-1.46936e-37
28	1	0.00728173	0.00715962	-1.75406e-25
28	2	9.74072e-05	7.86452e-05	-1.67479e-27
28	3	0	0	0
29	0	0.0040022	0.00439182	-4.93155e-36
29	1	0.00754673	0.00849353	-3.23461e-25
29	2	0.00029824	0.000114955	5.20504e-29
29	3	0	0	0
30	0	0.0110067	0.0135784	-3.72661e-25
30	1	0.0224164	0.0227874	-8.23957e-25
30	2	0.000448254	0.000401752	-1.72757e-26
30	3	0	0	0
31	0	0.00773462	0.0103552	-1.25497e-25
31	1	0.0175445	0.0173759	-6.67461e-25
31	2	0.000316616	0.000121328	-3.93802e-27
31	3	0	0	0
32	0	0.00686089	0.01134	-6.79834e-25
32	1	0.0169326	0.0229822	-1.49741e-24
32	2	0.000392631	0.000300749	-2.86206e-26
32	3	0	0	0
33	0	0.00868194	0.0140995	-3.30534e-24
33	1	0.0208253	0.0307434	-4.14659e-24
33	2	0.000459778	0.000279445	-5.02302e-26
33	3	0	0	0
34	0	0.0138346	0.0201541	-5.74674e-25
34	1	0.0279201	0.0370595	-8.01576e-25
34	2	0.000440379	0.000340343	-1.73964e-26
34	3	0	0	0
35	0	0.0190971	0.0279423	1.77034e-25
35	1	0.0417046	0.0537489	5.0696e-25
35	2	0.000589825	0.000489494	-2.45232e-28
35	3	0	0	0
36	0	0.0281916	0.0412112	5.63417e-25
36	1	0.0610806	0.0873533	8.87738e-25
36	2	0.000688218	0.000834381	8.20377e-27
36	3	0	0	0
37	0	0.0344239	0.0473207	1.04346e-24
37	1	0.0803711	0.118324	1.25831e-24
37	2	0.00073249	0.0010383	-4.42603e-28
37	3	0	0	0
38	0	0.0216256	0.0322358	-5.39501e-25
38	1	0.0488912	0.0625169	-3.44471e-24
38	2	0.000967897	0.000345339	-4.96514e-26
38	3	0	0	0
39	0	0.0132634	0.0191423	-1.73444e-24
39	1	0.0327835	0.0398214	-5.16347e-24
39	2	0.00051726	0.000314163	-3.81606e-26
39	3	0	4.4356e-06	0
40	0	0.00913319	0.0135028	1.0126e-24
40	1	0.0224334	0.0305268	-8.17931e-25
40	2	0.000456708	0.000178056	-5.33784e-26
40	3	0	0	0
41	0	0.00595831	0.00891995	2.04494e-25
41	1	0.0125438	0.0202817	-4.40387e-25
41	2	0.000470314	0.000413469	1.89945e-26
41	3	0	0	0
42	0	0.00285015	0.0046958	-3.63741e-27
42	1	0.00723157	0.00959682	-1.55959e-25
42	2	0.000218743	0.000385557	4.46282e-27
42	3	0	0	0
43	0	0.00277219	0.00383534	-1.39701e-26
43	1	0.00636916	0.00595937	-1.79452e-25
43	2	0.000282939	0.000131525	-1.95187e-26
43	3	0	0	0
44	0	0.00386113	0.00464208	4.99187e-27
44	1	0.00722766	0.00737439	-1.87698e-25
44	2	0.000210687	0.000329806	3.6843e-28
44	3	0	0	0
45	0	0.0113536	0.013638	1.1878e-26
45	1	0.0222199	0.0230067	-4.74568e-25
45	2	0.000318334	0.000347857	-9.40007e-28
45	3	0	0	0
46	0	0.00933671	0.0126755	-2.87442e-26
46	1	0.0190852	0.0189635	-3.86925e-25
46	2	8.21401e-05	0.000155995	-1.04323e-27
46	3	0	0	0
47	0	0.0113413	0.0182095	-1.7444e-25
47	1	0.0198599	0.0296549	-1.22758e-24
47	2	0.000379058	0.000418846	-1.95848e-26
47	3	0	0	0
48	0	0.0137649	0.0221418	-4.50765e-25
48	1	0.0255542	0.040118	-1.79763e-24
48	2	0.000341598	0.000375224	-2.05639e-27
48	3	0	0	0
49	0	0.0154768	0.0234429	-3.84042e-25
49	1	0.0307558	0.041348	-9.65309e-25
49	2	0.000425731	0.000492206	-2.12368e-26
49	3	0	0	0
50	0	0.0164268	0.0270776	-2.51336e-25
50	1	0.0355909	0.0440177	-2.86384e-25
50	2	0.000471759	0.000414737	6.2079e-27
50	3	0	0	0
51	0	0.0253202	0.0368096	8.63955e-26
51	1	0.0520248	0.0701027	4.68269e-25
51	2	0.000504175	0.000398482	-5.13978e-27
51	3	0	0	0
52	0	0.0292161	0.0389706	1.23454e-24
52	1	0.0669737	0.0903502	2.45096e-24
52	2	0.000882468	0.00098757	3.25456e-26
52	3	0	1.18025e-05	0
53	0	0.0198854	0.0307114	3.4624e-25
53	1	0.0446294	0.056672	4.84677e-25
53	2	0.000540704	0.000615277	4.92982e-27
53	3	0	0	0
54	0	0.0139695	0.0213674	-2.0427e-24
54	1	0.0303201	0.0391404	-1.61634e-24
54	2	0.000581566	0.000470048	-4.07299e-26
54	3	1.46639e-05	0	3.6612e-28
55	0	0.0125725	0.0199941	-7.28076e-25
55	1	0.0232287	0.0330776	-4.66681e-25
55	2	0.000409832	0.000429186	3.48392e-27
55	3	0	0	0
56	0	0.0104155	0.0150024	-9.34967e-25
56	1	0.0163064	0.026477	-2.15671e-25
56	2	0.000409497	0.000531291	-3.38077e-27
56	3	0	0	0
57	0	0.00404671	0.00712489	-3.65025e-25
57	1	0.00885983	0.011394	5.48487e-26
57	2	0.000183506	0.000142696	-6.56357e-27
57	3	0	0	0
58	0	0.00310583	0.00479857	-3.96532e-26
58	1	0.00681404	0.00703911	-2.93874e-26
58	2	6.05706e-05	6.52348e-05	-1.23377e-35
58	3	0	0	0
59	0	0.00365028	0.00469176	-4.32701e-35
59	1	0.00750174	0.00820061	-5.7036e-26
59	2	0.000246127	0.000277276	-1.18659e-27
59	3	0	0	0
60	0	0.0111551	0.0142563	-3.81572e-25
60	1	0.0244712	0.0278885	-3.30517e-25
60	2	0.000743794	0.000494107	-5.98641e-27
60	3	0	0	0
61	0	0.0107622	0.0160447	-8.27371e-26
61	1	0.0234112	0.0249325	-1.85048e-25
61	2	0.00021427	0.000285483	-4.2011e-28
61	3	0	0	0
62	0	0.0315211	0.041206	-1.25298e-25
62	1	0.0577858	0.0827549	-3.66185e-25
62	2	0.000977989	0.00143616	-8.09224e-27
62	3	6.73222e-06	0	-8.58094e-38
63	0	0.047633	0.0544197	-1.7158e-25
63	1	0.113155	0.141556	-4.97363e-25
63	2	0.00122954	0.00205583	-6.66519e-27
63	3	0	0	0
64	0	0.0306534	0.0434526	-8.05487e-26
64	1	0.0658152	0.0906781	-3.57318e-25
64	2	0.000709994	0.000932458	-1.41978e-26
64	3	0	0	0
65	0	0.0213421	0.0310605	-9.31772e-26
65	1	0.0443039	0.0597237	-2.26089e-25
65	2	0.000423508	0.000425809	-3.17259e-27
65	3	0	0	0
66	0	0.0346534	0.0434744	-5.79843e-25
66	1	0.0887012	0.113177	-1.10041e-24
66	2	0.000824053	0.00129045	5.92199e-27
66	3	0	0	0
67	0	0.0370975	0.0512835	1.41681e-25
67	1	0.111511	0.146916	7.47242e-25
67	2	0.00124228	0.00134799	2.44643e-26
67	3	0	0	0
68	0	0.0231247	0.0333668	-1.3801e-25
68	1	0.0509838	0.0700131	-1.4101e-25
68	2	0.000776438	0.000514675	-1.1352e-26
68	3	0	0	0
69	0	0.0190136	0.0288886	-7.1582e-25
69	1	0.0397276	0.0553872	-1.41151e-24
69	2	0.000515161	0.000248195	-5.35983e-27
69	3	0	0	0
70	0	0.0328781	0.0439599	-1.66319e-24
70	1	0.0796588	0.103331	-3.94909e-24
70	2	0.00119014	0.000939012	8.10526e-28
70	3	2.5068e-06	0	-3.64204e-38
71	0	0.0250148	0.0302808	-6.45619e-24
71	1	0.05719	0.0788826	-1.29541e-23
71	2	0.00114413	0.00100095	-7.74794e-26
71	3	8.2082e-23	-3.90348e-23	0
72	0	0.00928082	0.0145819	-1.28439e-24
72	1	0.0200158	0.0252561	-2.64007e-24
72	2	0.000429134	0.000599559	-3.07329e-26
72	3	0	0	0
73	0	0.00358424	0.00537602	-7.25947e-26
73	1	0.00964826	0.00860586	-6.56152e-25
73	2	0.000180793	7.72223e-05	-4.93137e-27
73	3	0	0	0
74	0	0.00379041	0.00492221	-9.51229e-35
74	1	0.00894211	0.00981151	-3.99316e-25
74	2	0.00026781	7.958e-05	1.67204e-29
74	3	0	0	0
75	0	0.0105274	0.0138104	-8.08586e-25
75	1	0.0276739	0.0307097	-1.08531e-24
75	2	0.000617825	0.000304989	-2.63477e-26
75	3	0	0	0
76	0	0.0108787	0.0160841	-1.57446e-25
76	1	0.0283546	0.0274075	-5.94556e-25
76	2	0.000205014	0.000295673	-5.82583e-27
76	3	0	0	0
77	0	0.0254227	0.0377927	-1.03346e-26
77	1	0.0530206	0.0765769	-3.21158e-25
77	2	0.00100268	0.00110561	-1.54693e-26
77	3	0	0	0
78	0	0.0427698	0.0583908	-5.85164e-26
78	1	0.0999475	0.138922	-1.9227e-25
78	2	0.00148265	0.00266822	1.85809e-27
78	3	0	2.39987e-05	0
79	0	0.0250133	0.038892	-6.42955e-27
79	1	0.0561225	0.0789501	-1.48484e-25
79	2	0.00079728	0.000829275	-3.45136e-28
79	3	0	0	0
80	0	0.0190832	0.0280468	-6.35398e-26
80	1	0.046602	0.0555277	-3.19684e-25
80	2	0.000565169	0.000170926	-8.59563e-28
80	3	0	0	0
81	0	0.022102	0.0329042	-9.98826e-26
81	1	0.055787	0.0676544	-4.96984e-25
81	2	0.000854486	0.000523577	-1.38687e-26
81	3	0	0	0
82	0	0.0237965	0.036038	-7.15321e-26
82	1	0.0584682	0.0774537	-4.97462e-25
82	2	0.000638181	0.00060804	-5.52133e-27
82	3	0	0	0
83	0	0.019268	0.027408	-6.07517e-25
83	1	0.0469012	0.0622845	-1.05046e-24
83	2	0.000816661	0.000436611	-3.23102e-26
83	3	0	0	0
84	0	0.0147066	0.0228933	-9.07833e-25
84	1	0.0363616	0.0433274	-1.48124e-24
84	2	0.000328306	0.000371022	-1.85168e-26
84	3	0	0	0
85	0	0.0229072	0.0321147	-7.90129e-25
85	1	0.0520595	0.0689327	-2.13208e-24
85	2	0.000820356	0.000804619	-2.22522e-26
85	3	0	0	0
86	0	0.0181312	0.0269658	-1.53969e-24
86	1	0.042067	0.06149	-2.31928e-24
86	2	0.00091628	0.000820171	-2.23395e-26
86	3	4.23946e-06	0	-2.30752e-38
87	0	0.00579506	0.00953935	-3.27999e-25
87	1	0.0144975	0.0184429	-1.15697e-24
87	2	0.000151868	0.000301752	-1.52291e-26
87	3	0	0	0
88	0	0.00318757	0.00483574	-8.34161e-26
88	1	0.00954991	0.00990576	-5.13224e-25
88	2	0.000164029	9.0377e-05	2.42434e-27
88	3	0	0	0
89	0	0.00325511	0.00468579	-2.33264e-33
89	1	0.00922772	0.00987851	-3.81011e-25
89	2	0.000425893	0.000232623	-5.45905e-27
89	3	0	0	0
90	0	0	0	0
90	1	2.22766	3.69098	0.0093543
90	2	0.489656	0.903066	0.000336516
90	3	0.02357	0.0396616	-1.47107e-24
91	0	0	0	0
91	1	0.116461	0.19039	0.000539285
91	2	0.0650751	0.115689	6.42872e-05
91	3	0.00220847	0.00428979	-1.94866e-25
92	0	0	0	0
92	1	0.00167599	0.00227647	7.50641e-06
92	2	0.00091436	0.00143478	8.74073e-08
92	3	2.24636e-05	3.60875e-05	-2.20832e-27
93	0	0	0	0
93	1	0.000184592	0.000212564	8.57394e-07
93	2	3.65588e-05	5.99271e-05	-3.75819e-28
93	3	7.06524e-07	8.12881e-07	-8.66115e-38
